0.0
0.0
0.0
0.0
0.0
0.0
0.0
0.0
0.0
0.0
0.0
0.0
0.0
0.0
0.0
0.0
0.0
0.0
0.0
0.0
0.0
0.0
0.0
0.0
0.0
0.0
0.0
0.0
0.0
0.0
0.0
0.0
0.0
0.0
0.0
0.0
0.0
0.0
0.0
0.0
0.0
0.0
0.0
0.0
0.0
0.0
0.0
0.0
0.0
0.0
0.0
0.0
0.0
0.0
0.0
0.0
0.0
0.0
0.0
0.0
0.0
0.0
0.0
0.0
0.0
0.0
0.0
0.0
0.0
0.0
0.0
0.0
0.0
0.0
0.0
0.0
0.0
0.0
0.0
0.0
0.0
0.0
0.0
0.0
0.0
0.0
0.0
0.0
0.0
0.0
0.0
0.0
0.0
0.0
0.0
0.0
0.0
0.0
0.0
0.0
0.0
0.0
0.0
0.0
0.0
0.0
0.0
0.0
0.0
0.0
0.0
0.0
0.0
0.0
0.0
0.0
0.0
0.0
0.0
0.0
0.0
0.0
0.0
0.0
0.0
0.0
0.0
0.0
0.0
0.0
0.0
0.0
0.0
0.0
0.0
0.0
0.0
0.0
0.0
0.0
0.0
0.0
0.0
0.0
0.0
0.0
0.0
0.0
0.0
0.0
0.0
0.0
0.0
0.0
0.0
0.0
0.0
0.0
0.0
0.0
0.0
0.0
0.0
0.0
0.0
0.0
0.0
0.0
0.0
0.0
0.0
0.0
0.0
0.0
0.0
0.0
0.0
0.0
0.0
0.0
0.0
0.0
0.0
0.0
0.0
0.0
0.0
0.0
0.0
0.0
0.0
0.0
0.0
0.0
0.0
0.0
0.0
0.0
0.0
0.0
0.0
0.0
0.0
0.0
0.0
0.0
0.0
0.0
0.0
0.0
0.0
0.0
0.0
0.0
0.0
0.0
0.0
0.0
0.0
0.0
0.0
0.0
0.0
0.0
0.0
0.0
0.0
0.0
0.0
0.0
0.0
0.0
0.0
0.0
0.0
0.0
0.0
0.0
0.0
0.0
0.0
0.0
0.0
0.0
0.0
0.0
0.0
0.0
0.0
0.0
0.0
0.0
0.0
0.0
0.0
0.0
0.0
0.0
0.0
0.0
0.0
0.0
0.0
0.0
0.0
0.0
0.0
0.0
0.0
0.0
0.0
0.0
0.0
0.0
0.0
0.0
0.0
0.0
0.0
0.0
0.0
0.0
0.0
0.0
0.0
0.0
0.0
0.0
0.0
0.0
0.0
0.0
0.0
0.0
0.0
0.0
0.0
0.0
0.0
0.0
0.0
0.0
0.0
0.0
0.0
0.0
0.0
0.0
0.0
0.0
0.0
0.0
0.0
0.0
0.0
0.0
0.0
0.0
0.0
0.0
0.0
0.0
0.0
0.0
0.0
0.0
0.0
0.0
0.0
0.0
0.0
0.0
0.0
0.0
0.0
0.0
0.0
0.0
0.0
0.0
0.0
0.0
0.0
0.0
0.0
0.0
0.0
0.0
0.0
0.0
0.0
0.0
0.0
0.0
0.0
0.0
0.0
0.0
0.0
0.0
0.0
0.0
0.0
0.0
0.0
0.0
0.0
0.0
0.0
0.0
0.0
0.000229060363508
0.000128515646041
2.43752926667e-05
5.13572061463e-05
1.9358327997e-05
8.74529814512e-05
6.31797363872e-05
0.00210292908303
6.53684460146e-07
2.84149471434e-05
1.07993673892e-07
0.000136679488245
1.34297325242e-05
0.00016611587264
7.99051787751e-05
0.000987259138607
1.28504002485e-05
1.63843863816e-05
9.63622624021e-07
0.000193889092455
9.31407949742e-05
9.94043478437e-06
9.01922974168e-06
6.90868595537e-06
2.81063985291e-05
4.71359724888e-05
2.61891845771e-05
0.000532415964627
2.81919506584e-06
2.60740862772e-05
0.000341204648051
0.00400211206428
7.39677449735e-07
7.57042587841e-06
2.1480099819e-05
1.61057021832e-05
3.80615203714e-05
1.7012356224e-06
3.1810002103e-06
1.92834645764e-05
5.99360629385e-05
2.6395547034e-05
6.70617794493e-06
1.58036358668e-05
3.77680154633e-05
7.27105767247e-05
0.000147173836396
6.72416712386e-05
1.04890090222e-05
0.000143812249958
1.79988690266e-06
1.19321505338e-06
0.000351461645192
7.77505869679e-07
9.23300085126e-06
1.7499463932e-05
7.04750748861e-05
3.16664842867e-07
2.02723850065e-05
4.95651639985e-05
2.77568129265e-05
0.000155355755191
1.65815408479e-05
0.000238810438863
0.00594393491569
9.05173807474e-06
0.000107856118866
0.000124851942128
6.69862871447e-06
0.000423537663058
2.65521787087e-05
1.19344710958e-05
4.61319530474e-10
1.3871561538e-05
0.000448891483289
5.76666452734e-05
1.94657815757e-05
0.000202820413921
8.87358907972e-07
4.94156980463e-06
2.06831436686e-05
4.59061685134e-05
8.22613131412e-05
1.21365660671e-07
0.00020289046287
0.000221244593806
8.47214377415e-05
7.85080513765e-06
6.62246614196e-06
4.5388058881e-05
4.75316122325e-05
5.47933085133e-07
5.73071401374e-05
5.69302020098e-05
1.46491142011e-06
0.00030658014998
4.30150124106e-06
3.81531809609e-06
1.53906921564e-05
7.17262861404e-06
4.23849278361e-05
3.78281605486e-05
3.41555976683e-05
7.85106863444e-06
4.06540438496e-05
0.00010817225642
8.26072559024e-06
8.14751866524e-05
0.00040734429203
4.49695633825e-05
0.000491396244501
1.74921572362e-05
0.000191185008857
8.05735012157e-06
0.0042353956903
2.50488040977e-05
3.34509610467e-07
0.000100183160934
1.18199119033e-05
0.00146926692276
2.44676312587e-05
0.000361191874275
6.31435160261e-07
9.07277180986e-06
4.39833739138e-06
0.000328938951593
0.000732017646055
0.00011996902842
4.61319530474e-10
2.08609832769e-05
0.000667337874205
1.44314555107e-06
7.91576917564e-05
1.32993823982e-05
0.000187472494304
0.000156362927715
6.67613598248e-06
1.03548098244e-05
0.00015550574395
2.01187016306e-05
1.06861234908e-05
7.76719074063e-07
2.20525695282e-05
2.88417290844e-07
7.24195907061e-05
1.08334636702e-05
6.72400075553e-06
0.000267301643734
0.000845019430085
1.53355810289e-06
8.13196223425e-05
1.37513327657e-05
5.21260999566e-06
0.00156184815845
0.000101773754568
0.000175820773455
0.000749623072276
2.67386814408e-05
8.29941841387e-05
9.0581828604e-05
0.000162571723697
1.23921352982e-05
3.1253071439e-05
0.000172891514468
8.07355753794e-05
9.54705942816e-07
0.000136524499063
3.89925660108e-05
1.92834645764e-05
0.000148705169279
0.000191481097117
2.22803002431e-05
0.000172311892862
7.3401660883e-05
0.000179499993799
1.21209148144e-05
0.00103323328907
0.000980614984497
0.00123488036393
3.30259659799e-05
2.06315650957e-06
3.20743687926e-05
3.74642156642e-05
0.000488747287735
0.00280978137412
0.000131134202809
0.000258727614989
0.000415745634324
3.59815073865e-06
0.000149003672998
1.84829304718e-05
4.93730900263e-05
4.51918142157e-05
5.85360446325e-06
8.8041404148e-07
1.20177105617e-05
0.000817583505897
1.46491142011e-06
3.1175001418e-05
4.14702795204e-06
2.56745673442e-05
0.000306108610733
0.000182980661016
4.49208382688e-05
0.000556394932161
4.2021521768e-05
3.98731194732e-05
8.89751460342e-05
4.39847060159e-05
0.000143672766848
0.000312810976571
1.82498541229e-05
4.41993982122e-05
6.99005025205e-05
6.58371728184e-09
3.21188218926e-05
1.45425454317e-05
7.46809026493e-06
3.38318388149e-07
0.000133989926087
9.7829033922e-06
0.000118336786806
1.4717322418e-05
2.21135032985e-05
8.96437201499e-07
5.13250345645e-06
2.12566551436e-05
6.77129742257e-05
1.37930040043e-05
3.41535015122e-06
7.14234294209e-06
0.000720007394418
0.000107076067138
9.17148674443e-06
6.18977535932e-07
0.00035969320176
2.57505212549e-05
0.000136658490126
3.24552577665e-05
2.07305920087e-05
3.41361510465e-06
2.23856013907e-05
2.69999290763e-06
1.97227812702e-05
5.32210249135e-05
0.0003601372203
0.000347045737902
5.2889769369e-07
6.31758410465e-06
0.000276527647049
4.72402952164e-05
0.00104269740287
8.73844019819e-05
7.06448748293e-05
4.46064248815e-05
4.4456929882e-06
2.06454250218e-05
3.00914052963e-05
0.00159383970952
3.31827407301e-08
0.0004822815895
5.97247461498e-06
6.45113950235e-05
0.000129650720713
0.000155768806118
8.1905788392e-06
6.55099162399e-05
5.12262336686e-05
0.000248469458169
1.46280607009e-05
2.73673960405e-06
2.32584411279e-05
0.000157557678068
6.58017720451e-05
6.28775099028e-08
0.0051963493368
4.37643287361e-08
1.91009814187e-05
0.000181455552983
7.90071389769e-06
2.35022769899e-06
0.000195025150007
5.03849123106e-05
3.04725330371e-06
0.000110945790294
8.92849672074e-09
3.18642493812e-06
1.08383202177e-05
1.85585570887e-05
7.86559552347e-06
1.19754288123e-06
0.000740650657821
0.0
0.000120879859464
0.00207741576754
2.04864308833e-07
1.91102597172e-06
5.8212540562e-05
9.54480861052e-06
0.000184494786107
1.82032771952e-06
2.21093046301e-05
3.57611488381e-06
6.65306047543e-07
0.000553246436642
2.57143028957e-07
8.29235149324e-06
1.16862404787e-06
1.27674508921e-05
0.000298347471088
1.5573388651e-06
4.43458871037e-06
0.000111826060378
4.35042393853e-06
2.60827462402e-05
5.3816462811e-05
7.14520992331e-07
7.54043049403e-07
1.86671353998e-05
2.18952509075e-06
9.85530422087e-07
1.12041079799e-06
3.15397992881e-07
6.44872892423e-06
7.06881967659e-07
7.32109912882e-05
1.09753134027e-05
0.000179888198109
1.76306311397e-05
7.40513474015e-08
0.0
6.11262017993e-06
8.8168770444e-05
0.0
0.000175852943507
3.77956620237e-06
9.88778719227e-06
1.01125561145e-06
0.000657404148392
3.27053178031e-05
0.000151445658305
1.07178856094e-06
8.38498334801e-07
8.18728902031e-08
1.74397622825e-05
5.24489393053e-08
7.72985219428e-07
9.67815281805e-06
4.36773464622e-05
2.06169059166e-05
1.40099928534e-06
1.52067140494e-05
0.000219534092871
8.86040378715e-05
7.27536349328e-07
0.000109092146821
1.41881955477e-05
5.78638758823e-07
1.54984630054e-06
2.85994245698e-07
0.000254452995616
3.60180043892e-06
6.64130236295e-07
2.18196347323e-05
1.52305675074e-05
8.40977364764e-05
3.14568279888e-05
0.000130866980221
0.000126556645596
2.29407160471e-06
0.00637946860468
6.8827512306e-05
1.14410107794e-05
0.000360131636098
1.22635706504e-05
2.81105250367e-06
6.25500095987e-05
1.70504204145e-06
1.13363965218e-05
4.70914210043e-06
2.82147246677e-05
5.65318975288e-07
1.52067140494e-05
4.03325467182e-07
2.1503424705e-05
6.86818440751e-06
2.43545727463e-06
3.65123294695e-05
0.0
5.1568060328e-07
5.93249818751e-05
0.0
1.36513592281e-05
0.000450258518351
1.37309402817e-05
1.14744801825e-05
8.61090578985e-07
1.03175830574e-05
9.68378438156e-07
6.26807971928e-05
8.75400781255e-05
1.77079348834e-05
3.02378040166e-06
2.37968495082e-05
2.41798519382e-06
0.0
6.39370483128e-07
0.0017210284069
0.000269227169903
0.000261660728314
6.90539677977e-05
2.55099906307e-09
7.14279737659e-08
0.000270451940253
0.00128787212754
2.55099906307e-09
0.000163631283902
0.000112197391955
9.93553374319e-07
2.55099906307e-09
4.48965951073e-05
0.0
9.93553374319e-07
0.000136582822303
9.93553374319e-07
2.55099906307e-09
1.31199960361e-06
0.0
6.88769747029e-08
2.55099906307e-09
2.55099906307e-09
0.00251584463589
2.55099906307e-09
0.0
0.00587220465699
4.26322520336e-05
0.000411701953738
0.00083732806158
0.000536793140426
3.38010696463e-06
1.20954410035e-08
0.000224051976866
8.71240747078e-05
3.99203299992e-06
0.00187912231192
0.0
0.0
3.13987453963e-06
1.22532273814e-05
2.23276532657e-05
1.66611236311e-07
0.00186748266816
1.76796578546e-06
0.0
0.0002333045011
0.00013882278534
1.90760842129e-05
7.90246453226e-05
6.68561952408e-07
0.000592902143421
2.56173134786e-07
9.3419909974e-07
5.42951805957e-06
0.00225013726143
2.64271807925e-07
3.21354043599e-07
4.77286261614e-07
8.47667288931e-07
0.000241806235583
2.98101789633e-05
7.33703634014e-06
0.000315621771293
0.00076531621575
0.000111247233093
4.74873276616e-05
1.20954410035e-08
0.000342056962004
2.48934493613e-05
4.10568626037e-06
6.89218232842e-06
2.36612895444e-06
7.37224744374e-06
1.31110939689e-05
7.25133999142e-06
6.6222509657e-07
3.03134451683e-05
1.17975319503e-05
0.000459743935553
0.000310662999732
0.000167788735199
3.44384873514e-09
0.000162155941681
3.77508299248e-06
3.01693881607e-05
5.64462551156e-07
2.17100506563e-05
0.00016053312703
6.08961362177e-06
1.73633104687e-06
0.000303389606726
0.000113413919782
0.000155618548401
0.000102648321769
4.76673837642e-07
2.22571889398e-05
3.0087182024e-06
0.000250528692357
0.000140794501594
0.00113616450887
6.19502373052e-05
3.11479071798e-06
5.23931185384e-05
1.64414571876e-05
5.69290211801e-05
6.6927490925e-05
2.15234055393e-05
0.0010756747278
4.01440029757e-05
3.92464628242e-05
0.000257099215051
5.87999788538e-05
0.000160851908335
4.5640886286e-07
4.0349790497e-08
0.00180813555192
4.15380773952e-05
0.0
3.83323283483e-05
3.61284947255e-07
7.7231507429e-07
1.46653666922e-05
0.000210863547099
2.80887754623e-05
8.44832204362e-05
0.00013781267166
3.63942532998e-08
0.0
0.000186256031992
1.26095866665e-06
1.59846920105e-06
0.0
0.0
2.2432938526e-05
0.000927628918359
0.0
2.03918998908e-08
0.000165533770744
1.17630542771e-06
1.60643223507e-05
2.28785168522e-05
6.54517608893e-05
2.20525992437e-06
0.0
8.2853148148e-05
9.63001039035e-06
6.11158996155e-06
0.0
4.70490170469e-07
0.000370401517328
0.000110739020239
0.000154623795242
0.000183677615266
5.23024414154e-06
1.86970570759e-06
8.66000012875e-05
2.78937315347e-05
9.60677273757e-05
0.0011058424328
0.0
0.0
1.41664821415e-06
0.000371215823756
1.6251742274e-06
0.000892008360061
8.31121124488e-05
0.00881463220981
6.93715730508e-05
0.000353463424442
3.02806468955e-05
1.31343606924e-05
5.35114828802e-06
0.0
4.00959800619e-06
0.0
0.00104581874493
4.08498963966e-08
3.27209974283e-05
3.68123429174e-06
4.45283544489e-06
0.00102558919484
0.00154055965108
8.72648588824e-06
1.98777722259e-05
0.000309603926619
0.000179267807896
2.36604988836e-05
2.85730877048e-05
0.000456978660307
8.07139468988e-05
0.000110381063425
0.0
1.16304378726e-07
6.6855450519e-07
0.0
0.0012775536559
0.0
5.70594968825e-06
8.08272204383e-07
0.00134743363423
3.50142155264e-05
4.90344536783e-06
4.5206961033e-05
0.000196468078818
0.00113563179423
2.22333357924e-05
2.03407792729e-05
2.49317555536e-06
1.83601386706e-05
1.51663759771e-06
6.9696471955e-05
4.66325175528e-06
0.000416414945234
0.000259555731825
5.44572018707e-05
1.20905219585e-05
1.71715529425e-06
5.17761292157e-06
0.000211760383692
7.75576118603e-05
5.53935279168e-05
0.000295127613096
1.31479807633e-06
0.000349938412276
2.39379925858e-05
9.33379585831e-06
3.4888746623e-05
1.76792100054e-05
6.19796663939e-05
0.000243689030124
0.000228360375724
9.89069670706e-06
5.10277263195e-06
8.88621061641e-05
2.10843830254e-05
7.10913432526e-05
9.32917449665e-05
4.24423171386e-05
0.000370788141379
0.0
2.87078128116e-05
7.14549239972e-06
3.39276965196e-05
1.688806252e-05
8.21914711662e-07
0.0001097160209
0.0026779608444
5.84992578656e-06
0.000714866464905
0.00150467674403
9.84607007201e-05
4.37742154599e-06
1.0835830052e-06
9.7032481454e-08
0.000129410890907
2.11219281354e-06
1.18970981964e-05
1.00430150991e-06
9.72437068581e-06
3.14462399962e-05
2.13342248143e-05
0.000886163690958
0.000142686945267
5.39168920159e-06
0.00010864679695
8.440584322e-06
8.30345569275e-06
2.3838998732e-06
0.00018089463088
3.5521427148e-07
1.22171431547e-05
5.25045435599e-06
5.15043728156e-07
5.17263556019e-05
5.81231844045e-06
9.0406447152e-05
2.93558246915e-05
9.61631252864e-06
0.000381703617161
7.01052511332e-05
2.11812443544e-05
4.40280126124e-08
2.59338693957e-06
2.26157587348e-06
0.0
6.97719168898e-05
0.0
2.65152389573e-05
1.80295083905e-06
1.80890176781e-05
4.02882021925e-05
9.38268947646e-06
1.8543476746e-06
1.57109982406e-06
0.0
0.0
0.000225776346472
3.41972726858e-05
5.95740265595e-06
6.12526563745e-06
0.000787904438119
8.66444210003e-07
4.54833845037e-06
0.000248151184834
3.29982543345e-06
9.80316390716e-06
6.52011805159e-05
2.02186391139e-05
3.06041164166e-05
1.31389513352e-05
0.000161581544597
5.1226969044e-05
7.84389700591e-05
3.32737997921e-05
3.01293535111e-06
0.000346562069782
1.49185403857e-06
0.000548947815619
3.00462078944e-05
7.0811663372e-06
5.75254684689e-05
1.45784754638e-05
0.000420114965799
0.000148364072786
0.00139074916395
2.44243430786e-06
0.000143008430515
0.000113179993923
2.97697117581e-05
3.68206360793e-05
6.52613388261e-06
1.37413990641e-05
6.19815771144e-05
5.02532196359e-05
4.28581901027e-06
0.000478968469541
4.36859808639e-07
1.93471954147e-06
2.24512978967e-06
7.54001588595e-06
0.000122183331919
1.74627858926e-06
0.000660007161823
7.0848736559e-07
2.47652597188e-05
8.86798242754e-05
0.0002976617828
4.2167006903e-06
2.76975196478e-06
4.03393081953e-07
1.21800157689e-07
0.0016550036161
4.03013643743e-05
1.76355270627e-05
0.000308955927177
0.000517643216558
0.000829406923495
0.000197937740886
1.61368347709e-06
0.000196857570528
4.33335419479e-07
2.38529636777e-06
1.27640159988e-06
3.33067901013e-07
3.05180488611e-06
1.12113016555e-05
0.00024781503046
3.23126547989e-08
0.000361626981942
1.16404953032e-06
1.32787356969e-06
0.000604117045234
0.000350894748818
1.06836120527e-05
0.000116547479869
4.02928657791e-05
9.85213497444e-06
3.71797655467e-06
4.60462500517e-06
3.08946048225e-07
4.19433541853e-05
7.15998379948e-05
3.25194688935e-06
2.13399438489e-07
0.00142159926691
2.10684952205e-05
2.09875056326e-06
4.84306079974e-05
5.44707896834e-05
3.95557206576e-05
0.00037746772143
1.13489231124e-05
0.000154810518673
2.12215942969e-06
4.72213871397e-05
0.000177639294793
0.000299330651541
4.58513063971e-05
5.89566347711e-06
0.000112228238994
0.000123828473142
0.00102175375444
3.37279792126e-05
0.000136154088561
2.34216901441e-07
2.16105566363e-05
1.77120895548e-08
0.00123944134589
4.57552866312e-05
1.73025898595e-06
6.91702697668e-07
3.13882215866e-05
2.18592728608e-06
0.000137049482138
0.000249312567743
0.000259436010147
2.36169035366e-06
4.79053785188e-08
9.85394773758e-05
3.19535728555e-06
1.10624506855e-07
3.88832382858e-05
0.000189363182499
0.0
2.26666692915e-08
0.00058548820436
5.7155314111e-05
0.0013774249241
2.48447498306e-05
7.69085117138e-07
9.39214964183e-05
2.9442120665e-05
0.000361585011339
0.00311778725249
0.000124218653135
3.12690112585e-08
1.65409098339e-07
0.000160673737146
2.51345043143e-05
1.31435649488e-05
0.000203844970285
6.50698572991e-05
0.000259569845371
2.95762557258e-05
0.00932264379351
1.10417711653e-05
2.28530526577e-05
8.20771131571e-06
0.000420292132703
3.47442784806e-06
2.37282943548e-07
1.63565518122e-06
2.78909223704e-05
0.00443171006645
4.68336252905e-05
0.000624609672253
8.28285288075e-05
0.00171696915267
0.000106041891549
2.84438410103e-05
1.20142341805e-06
0.00160965909861
5.77210456115e-05
0.0
5.49162812367e-05
1.79260640927e-05
1.34379447452e-06
0.000192425475485
1.80625988657e-07
0.00014643791382
1.22387687309e-05
2.47397587624e-05
0.000285907446399
8.42352884732e-07
0.000128778086486
3.98377695411e-05
4.27085831959e-05
0.000113302516303
0.000843277400601
0.0
6.66760378584e-05
0.00210370996103
2.52389527894e-05
2.65217880186e-06
6.20805067937e-05
3.4736211639e-06
0.000159469984539
3.28525806418e-05
0.000814526096909
1.75754393107e-07
5.34030202649e-05
0.0
0.000158482422848
0.00374312368679
0.000572012961134
0.000251433213259
0.000756295816396
0.000134961526033
3.74648739297e-05
0.000557858020256
0.000963184316803
0.000771112209344
1.59727093806e-05
1.76356066674e-05
2.4038404245e-05
8.77911566582e-05
0.0
5.62646421648e-05
5.41751875095e-05
0.000392866997688
0.000141657716725
2.25431401148e-05
0.000114166201785
1.96109919447e-06
4.0954167444e-05
5.80374814027e-05
0.000571796761618
3.64019817745e-06
0.000152882091882
8.27928449793e-06
7.50165770892e-05
0.00048650179823
7.11209241585e-06
7.40553092244e-06
2.0703615452e-06
7.46186464205e-06
0.00200425381584
5.90480158665e-05
2.08251857603e-05
0.00165132076292
0.000109634368732
1.68711241738e-05
2.58162018272e-05
1.64250364118e-05
9.83326694754e-05
0.000200795660493
0.000230185499301
0.000325813759459
2.16861263081e-05
0.0
1.7164924826e-06
8.91706741803e-06
0.00071982311899
4.86107041798e-05
0.000270100008759
3.61799549771e-05
0.00104516864535
0.000113014599083
8.05727679622e-05
1.68640151694e-06
0.000221491219956
7.1463150609e-06
5.11145101261e-05
0.000130344897856
0.000482936715237
2.49916325435e-06
1.58247357926e-05
0.00034585290989
8.96790756093e-06
1.40448212608e-06
0.000313230756738
9.7266661329e-06
0.0
3.95616826591e-05
5.15848403798e-06
0.000333309421033
2.25215851227e-05
9.02738023907e-05
2.05701139421e-05
1.45739140249e-06
8.64662216732e-05
4.24061053118e-06
0.000392090680043
5.51445998299e-06
7.71953951187e-07
3.44391812789e-05
0.000574490898416
0.000128145016137
3.60581661682e-05
1.09902007229e-05
1.10094231116e-06
7.85542625582e-06
0.000138911158562
0.000155348680787
0.00162264961567
8.22877690619e-06
0.000781892537551
6.24892058697e-06
0.0
7.17473622744e-06
0.000212046599585
5.29434669822e-05
0.000271185120751
2.74941199631e-06
0.000133466871939
1.7459994822e-05
0.0
8.08220073667e-06
5.45240816558e-06
0.000194885060953
4.07689648327e-05
1.41235246166e-07
0.0
6.38191313657e-05
0.000888293865534
1.60623754124e-05
2.6722711342e-05
0.000160612215683
0.000170850286964
0.000301841658743
0.000687635561006
2.60208199717e-05
0.000111811695147
2.46222414751e-05
2.44625296109e-05
5.664334103e-05
1.38559112522e-05
3.57468672225e-05
0.00863472800538
0.000394910882698
0.000126575264093
2.9416614819e-06
0.0
0.000170605514326
0.000291092702624
8.93083251035e-08
4.94032003825e-06
3.38222522812e-06
9.53102518132e-06
8.03564704867e-09
0.000102969714924
3.77257816584e-05
3.35040424407e-06
7.27297805136e-06
3.28641383442e-05
0.000168046009091
1.64971069308e-05
1.96893027705e-06
0.000919497661119
7.18588949703e-05
0.000129009087415
0.000114429977087
9.76314718381e-06
4.20770263599e-05
2.25686165247e-05
1.21136425512e-05
2.08829249048e-06
3.84163326567e-05
0.000279429366907
0.000965646195286
0.00045595551525
1.9270486776e-05
1.55525193638e-05
3.32893929698e-06
3.95505724567e-06
2.61552704698e-06
5.15302990107e-07
1.27827250363e-05
0.000240752070973
1.11404922958e-06
1.24919687238e-06
3.33299883528e-05
0.000801253165496
1.22746395471e-05
6.75242465603e-05
0.00019184309906
0.000154235133606
0.000127843097472
2.08855707711e-05
0.000157274038939
4.14118626032e-05
1.0577244695e-05
0.000294107973419
9.45393466742e-05
4.13023001416e-05
4.37141358046e-06
3.3146613711e-05
3.65273747614e-06
3.05900566025e-05
4.8996402277e-07
4.73741151449e-05
8.10093077234e-07
2.18163343434e-06
0.000136730918155
6.19027896944e-05
0.000390944977463
0.000593054410532
4.89253839577e-06
7.92504820457e-05
4.42708122575e-05
0.000972152203077
2.89325235901e-06
1.17935560262e-08
3.65362229505e-06
1.5907544731e-05
1.10264298246e-05
3.64353237563e-07
0.0
0.000622168546931
0.000316153222049
0.000329376250376
1.37933346033e-05
0.000394754392689
2.18229136959e-05
2.34552051966e-05
9.0887160066e-06
0.000500999118279
5.19432206739e-05
7.19348888268e-07
7.49504139336e-07
0.000250456472145
0.0
0.000495280046017
7.24169828957e-05
6.76031358231e-05
0.00230958474439
3.16805058926e-06
5.03168955524e-05
1.33001483841e-05
1.57619247861e-06
0.000798861508331
2.00256703143e-05
1.37402491641e-06
5.12836596803e-06
1.57896987195e-05
3.91332099982e-07
3.33771777705e-05
5.35600535555e-05
2.17454952114e-05
4.78505818667e-05
0.000425670174974
5.96795316769e-05
7.36882014567e-06
0.0
2.24708519133e-05
0.000358480293064
5.1580053233e-05
0.000267464852175
6.67006870341e-05
2.69400290239e-06
3.10011096365e-07
7.65447070107e-07
0.000226594365718
0.00223020749811
8.38838827542e-06
0.000180109521786
3.19371705177e-06
0.00024961346366
1.22642039743e-05
0.000151023108774
1.75527421568e-06
5.03089068503e-06
5.76871434684e-06
3.71457390967e-06
1.00360489868e-06
9.40331374566e-07
9.35288647539e-06
0.0
7.66706750798e-06
2.78647589966e-08
0.000156002470309
3.56567802162e-05
2.6538988092e-05
6.05642961595e-06
0.0
1.05308687442e-06
6.40588955187e-06
2.4680495334e-06
0.00064718620775
5.97151164442e-06
1.64786673094e-05
1.81900893746e-05
8.39513687615e-07
6.47238930331e-07
1.61544811003e-06
0.000622046771442
9.16356996687e-07
1.7859064668e-06
1.08609041733e-06
0.000361523003496
0.00106131349525
9.10919147532e-07
8.28651867503e-05
2.72066174256e-06
0.000194785953891
0.000246325668404
1.44516232131e-05
0.000432239310505
1.81009582767e-06
0.000915648018336
5.60964178508e-05
1.25289498488e-06
2.29859021041e-05
1.19678941224e-05
5.37195381914e-06
0.000431688251832
1.80377986461e-05
7.97664998342e-06
3.51868824132e-06
1.30014717875e-05
2.4354497819e-05
2.22347991182e-05
9.2834966637e-07
9.05194795554e-08
3.54233547926e-07
4.07023237e-07
8.04390861938e-07
0.000181183710867
1.83107260293e-05
0.0
4.22913437281e-06
5.99949397952e-07
2.54436236559e-08
1.2719799063e-07
0.0
0.00048454533113
1.94261501736e-05
1.35633247602e-05
0.000120131134679
0.000305530945326
3.71081287479e-05
1.05650076287e-05
0.0
2.31675535812e-05
0.000190092674268
0.000634358177468
1.09191648649e-05
2.72611907348e-05
2.83430595846e-05
4.45265204867e-07
0.00170748845169
1.68995122248e-06
4.57875281611e-05
1.32462864238e-06
0.0
1.63366733713e-06
1.1784611119e-05
6.13820084261e-06
0.000229681126319
1.51551269925e-05
4.93091196174e-06
0.0
0.000184389145401
0.000439039590656
0.000126777077434
0.00390638557441
0.000130409651031
3.99883475348e-06
0.0
5.09416198593e-07
2.35021690165e-07
2.18039972906e-06
0.000120464283013
2.39756188858e-07
0.000109938462168
6.72444333819e-07
0.000298218438524
0.00154425922385
0.00247625554094
3.94667678385e-05
2.8638478709e-05
2.22692949515e-06
0.0
1.27062384634e-05
5.50901185968e-06
0.00022064669319
8.80444282029e-06
6.4704647226e-06
3.30772905705e-05
0.00256981704896
3.70249204581e-05
4.14708177221e-05
6.23865704912e-07
2.35774707226e-05
1.53424508484e-06
7.24194633607e-05
1.81614103013e-05
3.6874644916e-07
3.79156183616e-06
3.19184630634e-05
2.18791575041e-05
1.29668855129e-07
0.0
0.000233800825285
3.10084295289e-06
1.19771904168e-07
3.94871237942e-05
2.40366829107e-05
9.70483997219e-06
0.000174456268393
3.69958941549e-06
2.36746622102e-06
0.000152067604621
1.86565511889e-07
7.68171052485e-05
0.000188434225259
3.47038963535e-05
1.98153288769e-05
1.19467120458e-05
0.0
3.53569186515e-05
0.000194458265642
6.5329264766e-06
8.39592446808e-06
7.77317869433e-05
1.19107152377e-05
3.71172955484e-05
3.28760716023e-06
0.000150022166272
4.16133710776e-05
0.000378259685955
8.10668365331e-05
0.00245373535725
0.00307611161205
1.52593480565e-05
4.06658099222e-06
3.06380013974e-05
1.39123005696e-06
0.0
0.00240086303271
0.00025754271638
7.36429376548e-06
0.00020315209872
5.57542907665e-05
7.14032611968e-06
4.97731323596e-06
0.00015114277485
3.87419449521e-05
3.06341309536e-06
1.17614780428e-05
3.54933896264e-06
7.46573926661e-05
0.000777358717702
0.000265172696458
6.99005103334e-05
0.0
6.66858663677e-06
6.48004512835e-08
0.000164668760255
0.000294933656641
0.000167824328196
4.38064456381e-07
2.73418577478e-07
0.000101963548118
2.0210369191e-05
1.53561085561e-06
0.000108450280757
3.85608883725e-05
3.8441581964e-05
1.99902165001e-05
3.08173551216e-06
1.25157956316e-06
0.000136632051908
3.51772397088e-05
4.30184426466e-06
3.28930461916e-05
4.53458878599e-07
2.99782927553e-05
3.9271039685e-05
5.59060516157e-08
3.31221024322e-06
5.13893042639e-06
6.95632879431e-06
0.0
0.000110335028003
0.0
4.9670938068e-06
0.000235343386911
9.63661397248e-06
7.12879392849e-05
7.94338952103e-06
5.03393738036e-08
2.34671717106e-07
0.000248893647318
1.43563183166e-05
4.56341696899e-05
2.51098382696e-05
0.00110557784868
0.0118846050213
4.07160540226e-06
0.000272051973618
7.78711267486e-05
5.10199812614e-09
0.000102247284772
0.000286547862102
0.000247136404456
7.14180590235e-05
2.85785985302e-05
0.000368359235599
2.54487916037e-05
8.5308338091e-05
1.82012343855e-05
6.20156624668e-05
0.000611809575843
5.70738408511e-05
0.0
3.31791973867e-06
3.35504137317e-05
2.82680567793e-05
1.5209416493e-05
1.11734050762e-07
0.00586893504997
0.000590675399647
2.95546478741e-09
1.61966049402e-05
1.81922221515e-05
2.38798911454e-07
9.68234706549e-06
1.45505370883e-05
0.000892862604838
5.80453553496e-06
9.09113649295e-05
1.12265160409e-05
0.00064494225652
0.000113067252149
0.000141597076965
0.00389202252463
9.20786280552e-05
1.46625012891e-05
4.7217985558e-05
0.000115383646589
3.271565234e-06
9.55526140717e-06
0.0001692621285
0.00387609378297
2.98831318817e-08
0.0
4.3711455568e-05
1.38611755997e-05
0.000187250426141
1.60734400153e-06
5.22798390136e-06
1.32742064196e-06
1.63259545896e-06
0.000400316802661
0.000268668582653
0.000400867484995
1.41976596377e-06
1.13864126933e-05
1.45217340965e-06
1.19963512557e-06
6.84709811869e-06
3.02058830438e-05
4.10192384065e-05
0.000328929436167
7.44510953273e-06
3.16069328612e-05
3.54903556027e-05
6.07350070209e-07
9.25241053669e-05
9.85580916828e-06
2.10507899941e-07
5.74546468823e-05
0.000172882766601
4.67295777875e-06
0.000379684043824
0.000976547088254
0.000641181887807
4.23579958722e-05
7.0038352592e-05
0.00225171401912
0.000721468062552
9.9307487068e-05
4.48996687695e-06
3.4330073849e-06
0.000262977059757
0.000217351653663
1.43363003002e-06
0.000269656264956
0.00022469810929
0.000472029282772
5.95153523356e-06
9.3903137802e-07
0.000122554288085
2.66859723344e-05
2.61901921868e-05
0.000340212315888
1.65381005773e-06
4.08827660072e-05
1.79041104465e-05
3.65296234416e-05
1.03704133731e-05
9.50012151498e-05
5.8093573157e-05
2.69576997944e-05
1.99262795038e-05
3.04680024669e-05
7.84303455215e-06
0.00102422825344
0.000593943886347
0.0
2.46986840887e-05
1.68992204149e-05
2.25973696765e-07
3.77926158537e-06
1.73624971576e-05
0.000530846732317
0.000691010972289
1.47124301401e-05
1.53059943784e-08
5.53333557111e-06
4.13495436752e-06
0.00010818587542
1.15748097669e-05
0.00037076309135
0.0
4.71278830246e-06
0.0
1.49951791605e-05
4.61230429213e-05
8.31414278526e-05
9.60300927022e-06
3.70607071646e-06
9.44813682652e-07
3.45135115185e-06
0.000460418567337
0.00138006559353
1.99358153852e-05
2.55894988296e-06
0.000221586040453
1.78651950533e-07
0.00016615768254
0.00018491156959
6.32569620027e-06
4.83606453421e-05
0.00052422817653
0.000649136066697
0.000780453240436
0.00310329950272
8.17153607352e-05
0.00178584605663
0.000279424593523
8.46928251981e-06
3.27610793344e-05
0.000137219617984
1.85306814354e-05
3.12054270844e-07
2.76729473619e-06
0.000131723618768
8.08682674176e-05
1.66744745266e-06
0.00210408515964
0.000132997561191
1.89692498209e-05
1.54502624921e-05
1.10326915835e-07
0.000372334328114
1.38997761671e-08
1.56386180386e-07
0.000237379560067
1.04187424916e-05
5.97786437821e-05
0.0
0.00182032893178
0.000183158410121
5.4846479856e-08
3.02896088786e-06
3.52340097556e-06
1.5948833378e-06
3.2491235915e-07
0.00014905252894
0.0
8.75845678102e-05
0.0
4.6633853062e-05
0.000926909200657
4.37589898886e-06
0.00309218389943
0.00015455842212
0.000143669757528
2.12583255256e-10
0.00110163820335
0.000251068002635
0.000215060666998
0.000257988298903
0.00059007454
0.000108950842526
2.44235757529e-06
1.09127547258e-05
0.000147874433664
8.65542046446e-05
0.00025737066084
0.000140895286116
3.87562595701e-05
0.00014964103853
4.5141676146e-06
2.9522783751e-05
4.95282096207e-05
8.34230254302e-06
7.31792771338e-05
0.000150405264792
4.33220595917e-06
5.42913892692e-06
0.0
2.71224921601e-05
0.000776543230732
0.000158711990243
2.09662323495e-07
8.40600265545e-06
3.29366557249e-06
4.26418013117e-06
4.43762038049e-06
7.42796455958e-05
1.2820870671e-05
0.00017278258532
7.58107713036e-05
1.07503810678e-05
4.94700111357e-06
0.000114602168941
0.000141705066646
0.0
1.06819777382e-05
0.000288233733266
0.00127544133646
0.00010951933585
0.000416246947654
3.11023330853e-08
0.000900074590668
4.57309838972e-05
2.56969257756e-05
0.000217119990366
0.000101059770552
2.91028232411e-06
0.00016808629418
9.50468228124e-06
3.26279960047e-06
2.95301843494e-05
2.56801245738e-05
0.0
9.57803655474e-06
2.84132248025e-06
1.00163657181e-06
3.49112638379e-05
5.68024520306e-05
1.93638179773e-05
0.00203810126417
2.62461873195e-05
5.18740323794e-06
0.00128885365224
0.00528930260583
1.48359955768e-06
1.83994245315e-05
4.89005754334e-06
2.23543059728e-07
0.000149414848925
1.44527287088e-07
0.000302442277289
1.19683258315e-06
2.944716505e-05
5.68024520306e-05
3.57661523935e-07
3.79075368826e-05
6.64535993927e-06
0.000610201978778
0.00024061344599
9.44194646291e-05
3.96228560342e-06
1.06513986088e-05
0.000360191675736
4.48257443447e-06
0.000105411736055
1.24677183796e-05
1.47817508984e-05
0.000747800475837
2.3898102927e-05
1.93612441861e-06
0.0015476416503
2.81769272136e-06
2.59504664045e-05
4.73133859094e-05
7.19471507646e-06
0.000202419737084
1.29601204247e-05
3.52961708993e-06
3.06119887568e-08
2.97283209946e-05
1.76379507619e-05
1.27426957795e-06
2.50325295292e-05
1.88591566834e-05
5.38895585836e-06
1.79121597045e-06
5.53850450294e-06
1.42258935652e-06
1.6759758485e-05
0.000881771745884
0.000264166204349
0.000103960307245
9.76293681377e-06
1.70187216822e-05
6.43990744147e-05
7.46985446284e-06
5.72432103313e-06
0.000511570281437
0.000118151698843
0.00534683082799
4.31426578495e-08
0.00200770708148
1.20674738708e-05
1.00737654819e-05
4.78274216894e-06
1.06513986088e-05
0.000785271979006
0.000768084995988
5.99954933634e-06
5.31152771304e-07
0.000166163613485
9.77272687319e-09
4.27843461048e-08
0.000297034271174
4.62276039693e-07
2.18001968576e-08
1.19843592808e-06
0.00218346876209
5.99280895478e-06
2.24763248806e-05
7.88174898149e-06
7.86059461149e-05
4.34012582171e-06
4.62944164916e-06
1.01287019105e-05
0.00028678221587
0.00119724824935
8.3345393479e-06
5.85351118008e-07
1.0348406233e-05
1.09025999948e-05
2.69497080882e-07
7.13758667342e-06
8.54396919041e-06
5.28011367715e-08
0.0
0.000163307032152
0.000677287466165
0.000130128578618
0.0095839302857
2.14688167438e-05
0.00032292283563
3.50884029841e-05
5.4764701219e-07
0.000786800607594
1.43902997127e-05
0.000129925895713
0.000761741208759
2.91359265345e-05
4.20144425006e-05
5.96340442994e-06
0.000142407523446
8.01647040147e-06
7.28228443116e-06
8.11858955343e-06
0.000327860544234
1.0455893957e-05
7.76130903269e-06
0.000699359929081
3.87408971738e-05
1.95671192095e-05
8.22966099579e-05
1.80070522099e-09
4.6041712817e-06
1.44433824696e-06
0.000169252161967
1.51688065739e-06
0.000216612043487
0.00109286605834
9.11668534159e-06
3.89965027215e-06
1.17869973682e-05
1.75359732915e-05
4.66709790342e-05
1.15191989557e-05
2.84734304939e-05
8.82907200323e-05
1.44992400859e-05
0.000101013257039
2.75499932322e-06
2.85198407882e-05
0.000703141990213
2.73279493538e-05
4.36589523212e-05
7.72583934778e-05
2.55718585088e-05
4.26894510385e-06
2.95104214489e-06
1.997923203e-06
0.00123211542903
4.68335614086e-05
5.26671306478e-06
0.000128085026504
1.43802333374e-05
4.08089190552e-05
6.59317014785e-06
0.000145155523107
0.0010674004523
3.99790248289e-07
1.04235207648e-05
3.93936337886e-06
0.000116513477414
2.09480413515e-06
6.7915909129e-06
1.19771904168e-07
3.64108392882e-06
5.14317695496e-06
0.0
0.000345452689348
1.80209612519e-05
3.63168870068e-06
1.83531656945e-05
0.000105542138816
7.21206116012e-07
5.38016186566e-05
0.000237769516288
7.17955953772e-06
5.33064501188e-06
6.74493962947e-05
3.02073126523e-06
0.00128803835357
4.53073977195e-05
4.58649786902e-06
4.70877281054e-07
0.0
0.00224003294053
0.00013266126899
5.16790566309e-05
1.8154426704e-07
2.34823930316e-06
0.00112663214625
3.69799374831e-05
8.46394932155e-06
6.60283912098e-06
0.000267781991079
0.000242667477374
4.0831542923e-05
0.000145315720721
0.00126849744326
1.11377491522e-05
0.000304644979919
4.98198469628e-05
1.25236606737e-05
0.000362117922391
0.000226749165433
0.00083555549032
7.10665928508e-06
3.67939621081e-05
2.28890596883e-05
5.45336078115e-05
7.00379904658e-06
2.22377289668e-06
8.82061369068e-05
1.49614843109e-05
0.000292880741266
2.6122444676e-06
3.72708801328e-05
2.72058106975e-06
2.54893781606e-05
0.000116714668921
1.97086305569e-06
0.0
3.21748302565e-05
0.0
5.49473579823e-07
0.0
1.06513986088e-05
5.01948483824e-07
1.19771904168e-07
0.00151291345094
4.80735346196e-07
8.07599315902e-06
3.95275575962e-05
1.35970285695e-05
3.81174601493e-05
8.80193979763e-05
6.27589259492e-05
0.000136842878727
1.42532471267e-05
3.97988601885e-05
4.85696388173e-07
3.7378943942e-05
0.000346273812256
4.3148866438e-06
1.14712775009e-05
1.16501614409e-05
3.71255796842e-08
0.00377911110164
4.21803811341e-05
2.61265651255e-05
0.00100875867836
2.88245292762e-06
0.000609711678273
7.32930641461e-06
1.72020871696e-06
4.98301562215e-06
0.00165539914819
2.75503195781e-06
0.000528945263746
2.03055255872e-05
0.000314894364327
4.90302387653e-07
0.000215513770513
0.000873357062299
0.000349708085827
1.42377076483e-05
0.00054183666507
7.31744370537e-07
4.29153485607e-06
5.52116497582e-06
2.09812688895e-05
8.58386511221e-05
0.00021084859053
7.0130299469e-05
4.30792209849e-05
0.000213388043712
2.49673058258e-05
0.0
0.000283685441405
5.49018313674e-05
0.000101557219245
2.13534745201e-06
0.0
9.87253925989e-05
7.93920318178e-08
3.79980393497e-07
1.8436400866e-05
6.23716987678e-07
3.16013349666e-05
3.2994321322e-07
2.84794970141e-05
8.93515954902e-06
0.000132829144812
5.55841060951e-05
0.000207405041086
0.000473699185807
2.6539259046e-06
0.000104950906071
3.07370773233e-08
1.58417032312e-06
1.88047024039e-05
6.67790896892e-05
1.25158587193e-07
0.000198210425359
0.000349426063279
0.000511472713955
0.000300249742398
1.92791104297e-05
1.39569898324e-05
0.000178805131085
3.3230044038e-05
0.00152964204401
8.14569109747e-06
5.90228363901e-06
5.20350038532e-06
9.17689227771e-06
0.000427666746099
7.86549397445e-06
2.68297791783e-06
1.67658041415e-06
0.00185604036687
9.13545406426e-06
6.17181917954e-05
0.000243131857723
3.63964369122e-07
0.000174486408195
0.000261289270825
1.34935302902e-05
3.91622264803e-05
5.78767063013e-05
6.21486169912e-05
1.01767726137e-05
0.000148806585577
5.78121426678e-05
1.46447030483e-06
0.0
6.4259916944e-05
0.00012286864702
1.98310574071e-05
0.0
6.49887304908e-06
8.57771484377e-05
9.68889647555e-06
1.84424335234e-06
1.52752827002e-05
0.00110375953486
2.95573854049e-05
1.11020200744e-05
3.07211428124e-05
0.0
5.27638224776e-06
0.000186708588855
3.75293169388e-05
0.0
2.30346886896e-05
8.43763796419e-06
5.80842686412e-06
0.000178801906669
0.000427621298032
4.19422866369e-05
5.64854951885e-07
0.00014107566074
0.00012095867094
3.19400771217e-08
0.00011768039527
9.36168701255e-05
0.00127166292704
4.05562065897e-05
1.01582775105e-07
6.86951208499e-05
0.000235485368318
1.60329327562e-06
8.23023382055e-05
3.34904391423e-06
0.000126392460288
0.000510764087129
4.46959829557e-05
0.0152421042867
5.00010633695e-06
0.000646158847154
2.12583255256e-10
3.06684178178e-05
6.63519276727e-07
0.000241895524718
7.14389345899e-06
1.41797744955e-06
1.65958210632e-07
0.000717444874512
0.000135211461683
3.35549285194e-07
1.21810548594e-05
0.00284104921723
0.000540815525174
0.00012324640427
0.000420596555752
1.27301917987e-05
0.000116185943396
0.000507266156149
0.0
2.20464714193e-06
3.07759091171e-07
4.6458904561e-06
3.04679479016e-06
4.14395413871e-06
7.73332810366e-06
0.00260690651303
0.0125723964991
0.0026621172451
0.000490342458072
0.00011484756007
6.63525161221e-05
1.26481467803e-06
0.0
4.89859949054e-05
1.02490470979e-05
8.57734117233e-06
3.71587395648e-05
2.97445300153e-07
1.61170437335e-06
0.000128939512745
0.00212663596267
5.1906447437e-05
4.99818126633e-06
4.65375114791e-08
1.97298158619e-05
0.000232812833972
3.76905553523e-05
0.00139554310116
0.000516396136933
0.000838340486632
0.00922198316565
1.7502315155e-05
0.0040593459997
6.45856300331e-06
3.76596289906e-06
5.94546935731e-05
0.000279522472216
0.000300393753808
0.000192565900838
0.000229880740124
0.000138540429732
2.38435878276e-06
7.40026470039e-05
1.37810587284e-05
4.42294897966e-06
0.000543415405813
9.05321076484e-06
2.51204250125e-05
0.00015513111386
1.50341015297e-06
4.34182684368e-07
5.4738574814e-07
8.52163899466e-06
1.98294339003e-05
8.88413101438e-05
1.15530404627e-05
3.82145004743e-07
0.0
3.42372246185e-07
1.24807816901e-06
0.00010601815716
4.50039634741e-07
2.12583255256e-10
5.29445966674e-05
6.97742397008e-05
9.91836112e-05
0.000297495320407
4.23251788092e-05
2.17584181115e-05
0.000350711420347
2.68718802208e-06
5.90585906907e-06
2.12583255256e-10
0.000468931750122
7.66957826322e-05
0.000599504476245
4.54434690669e-06
3.1811326593e-05
1.494909981e-05
4.95956297372e-06
8.17788884686e-06
0.000108139354301
9.37654910296e-06
0.000247461426038
0.000134607353069
3.3894148256e-05
0.00685661168972
4.4471624539e-05
7.1966138547e-06
0.000662433823368
0.000243073710783
7.95354017244e-06
4.33599429812e-06
8.03392189459e-07
1.56750322423e-06
2.82085065776e-05
4.22736987594e-08
2.61674031231e-05
0.000288462809831
7.58605095396e-06
0.000718269091929
2.13085050389e-05
5.2388923982e-08
0.000278159961782
4.0264302219e-06
4.13208768772e-06
0.0
0.0
0.000732173080337
4.89785825636e-06
6.52486463151e-07
5.84489662626e-05
1.27550604904e-06
0.000301309684235
5.50278328541e-06
3.1499007128e-07
2.18935956865e-07
1.18929545949e-06
7.71428891184e-06
8.08038663028e-08
1.77118731701e-05
6.31829528711e-07
2.00848066043e-07
0.00025724577557
2.88310245817e-06
3.03234154833e-07
1.02170424175e-06
9.64099238529e-07
0.00018280554452
5.08234002649e-05
7.32688055476e-05
3.47237250693e-07
3.65563781215e-05
4.32653771353e-05
8.71886928245e-07
1.91027891022e-05
0.00034125862382
1.14100472513e-05
2.73345596699e-06
0.000101585242353
1.53746349127e-05
9.4517577948e-06
1.77923864224e-07
6.61421584023e-06
9.36748921051e-05
4.2143802608e-06
1.37866391886e-07
7.28035674284e-06
0.0
1.57163342109e-05
8.60856412347e-05
0.000196250308017
4.96396207935e-07
0.000220531935679
1.95620715142e-05
4.35015039597e-06
1.66447606538e-05
7.87718461116e-06
1.44595493623e-06
8.8400938465e-07
0.000137446168809
1.37874417608e-06
5.73177533191e-06
6.76114286152e-05
9.046187383e-06
3.86226370272e-05
0.000114472968025
1.72434718273e-05
1.10918764457e-08
2.7909455223e-06
1.65035652231e-05
7.69335780846e-05
3.92727302057e-05
3.79493663952e-05
3.81966196933e-05
1.10918764457e-08
3.81399915816e-07
5.08161896446e-06
3.16983953521e-06
5.08515703355e-07
0.000129418683368
1.81759058501e-05
0.000173524722301
1.19171024875e-06
1.41329878819e-06
3.60908617548e-05
0.000170147312365
1.29840911542e-06
8.3862650237e-06
1.65626920468e-05
0.000104733216272
1.14247158584e-05
1.20198024901e-06
2.75302762573e-05
9.96167215232e-06
0.000234777159715
3.79196037307e-06
0.00013639490477
7.68994552398e-06
5.45619484668e-05
1.56662404608e-06
4.14983489637e-06
6.73792177066e-05
1.81687813267e-05
3.27569143605e-05
1.33580282456e-05
1.40634484883e-06
1.30580768203e-05
5.51167355071e-06
8.70836483705e-06
0.000116438933322
0.000190050233253
3.36386022383e-06
1.89616354501e-05
0.000126045060997
0.000160149092342
8.43463227433e-07
8.33157350501e-06
0.000679942207318
9.63425875353e-06
4.09120917757e-06
1.56899277421e-05
7.93182087562e-05
1.7756514593e-05
5.6432632633e-06
0.000122814147806
0.00027778536635
3.73925742933e-05
5.50676433551e-08
2.52231865492e-05
0.000411048883848
0.000780543121242
1.08931719207e-07
0.000144998207509
2.60971962461e-07
1.40466997766e-06
0.0
0.0
2.60897829455e-08
7.49455345777e-05
0.000219226038566
0.000144203222309
0.00122587325878
0.000306840253903
1.63311254499e-05
0.000142356353632
1.01706765447e-05
1.5791017616e-07
1.81164019998e-05
4.19928478457e-05
0.000318400878612
2.50514943484e-05
6.70064234888e-07
9.40772920287e-06
0.000115414334745
1.84691104408e-06
2.77101590447e-05
3.21568247749e-05
1.63710113242e-07
1.16129770482e-05
0.000776025951895
6.82559636565e-06
0.00036367585415
1.49674793708e-05
0.0
0.0
8.23681069701e-05
2.41747297902e-07
1.91165469298e-06
4.8166862794e-06
0.000362864720556
6.4406128954e-07
6.30773212137e-07
1.48835826945e-06
2.16044625518e-07
5.4657022651e-06
0.00120464456503
3.2918262377e-05
3.83780257306e-06
4.30810356663e-06
4.00421052104e-05
0.000184951480011
1.18522359974e-07
2.20399287566e-05
3.53933636901e-07
1.25974456501e-05
0.000259163189955
8.97686516893e-06
1.12625653739e-05
0.0
0.000479947534693
1.90292993451e-06
0.0
4.62081772182e-07
0.000309912654772
3.56191904387e-06
4.44798045409e-05
0.000162733774686
1.08939360051e-06
1.37573588367e-08
1.04040366997e-05
0.000321992864891
0.00023739504611
2.83894320052e-07
0.000156604880447
1.72458314568e-05
0.0
3.25197461981e-07
8.28281690498e-06
1.19562013695e-05
2.39898566604e-08
0.00149382133703
2.1887175143e-06
8.01602269719e-07
1.69337594548e-05
2.03186112219e-06
0.00162263034603
4.36740737956e-08
0.000158464696459
2.74430113528e-07
0.000460143414191
7.08754440146e-05
2.695740598e-05
0.00789374990903
4.40397982898e-06
1.97380044417e-05
2.78491257507e-05
0.000169541555109
4.83924740948e-07
5.19739851521e-06
2.42366754726e-05
2.84005786625e-06
0.000112631716757
3.46899343199e-07
0.00012907287528
0.000946705405292
8.57697965043e-07
4.37666708216e-07
4.42531666172e-06
5.44337834179e-07
2.15887658234e-06
4.15194398473e-08
2.42366754726e-05
1.12258268515e-05
1.49080646582e-05
1.11599142111e-05
0.000331415079782
7.14828991185e-05
5.9893542884e-06
0.0
1.71434885131e-06
0.0
6.26759821838e-05
2.2657828035e-05
1.71757280621e-07
0.000129577727642
0.0
4.09123384091e-06
1.66743823032e-05
1.61684511663e-05
0.00234801536843
2.62299192766e-05
1.51752054588e-07
7.15883446178e-07
1.81966211588e-05
8.83119018873e-06
5.50641012498e-05
0.000101801194544
0.000143730214323
6.45787709546e-06
3.24231980916e-08
0.0
2.08122352605e-05
2.56620497021e-08
2.2331820459e-06
0.0
1.84086193254e-05
0.000898989442994
2.61244789593e-07
0.00048042129162
2.59825591682e-06
8.18975237051e-06
2.13696825281e-06
2.17120517035e-06
4.35160570083e-07
1.44617357072e-07
4.16751456443e-05
3.25197461981e-07
1.48372203571e-05
9.78999903086e-08
0.0
5.64113780007e-06
6.14361306921e-06
0.0
0.000640938544904
4.58816024246e-06
8.81861689343e-06
2.56620497021e-08
5.95384182807e-06
0.000159091482284
0.00103193755192
6.25545221635e-07
1.37563916572e-05
0.00089196626363
0.000406495070286
5.22261673672e-06
0.0015907136983
1.91202850641e-06
2.21028470129e-07
0.000321633762526
0.000368710617667
0.00210102395232
4.08463623229e-08
8.59815891272e-06
3.21132922269e-05
4.08854657735e-06
2.72338596751e-05
1.75541787324e-05
6.72682662198e-05
1.12802793913e-05
0.000164525812164
2.74430113528e-07
3.26161003506e-07
3.81874104995e-05
0.00134401643636
0.000147557099749
0.00255178236258
1.20070236739e-05
0.000345188477986
0.000888613532168
2.59003534144e-05
5.18965476572e-05
0.000125300577262
0.0
0.0022066746218
0.00152503933662
0.000838000666972
3.83319765421e-05
0.000166825897069
5.32721867263e-06
3.14658582132e-06
0.000523284995851
0.000208771747893
0.00278868330163
4.60115214648e-06
8.06090229772e-05
9.65340986871e-06
0.000119748149135
0.000278705472229
5.22029250283e-05
1.79258794389e-07
0.000282395510494
0.000139532629586
4.17609292785e-06
7.83573136809e-07
1.36179088972e-05
5.43049890786e-06
0.0
0.000205071818111
0.000290237904671
8.14796177992e-05
6.0800135516e-06
1.2886332776e-06
2.27130905499e-08
0.000146530686094
2.30566114444e-05
2.36342546769e-07
1.19615434067e-06
3.47183290015e-05
4.26745345856e-06
0.000214829562632
3.15469311184e-06
1.09194652311e-05
0.00020464596886
0.000952231745345
3.6687815162e-06
7.61597326399e-05
5.36164807121e-06
1.00936038517e-06
0.000506793585217
0.000278121481791
0.000445430169312
0.000372053946598
7.63144221303e-06
0.0
5.14669263841e-07
1.36513850153e-07
0.000308323060762
0.000920778318636
0.000149406772434
8.43187199251e-06
0.000953382179483
0.000391677709837
0.000391109692918
8.59026647923e-07
8.68619690663e-06
1.67783556447e-06
8.95066222737e-05
1.86275541308e-05
2.61578277322e-06
4.27244883606e-06
1.06376928628e-06
8.6940191391e-06
7.69036079144e-06
0.000509415081294
0.000656173127065
8.33208110487e-06
1.30186882726e-05
6.80889880782e-06
5.46368786072e-06
2.26629885518e-06
0.0002085535747
0.000576200273229
4.14241109861e-06
0.000403806467416
4.57993918048e-06
5.10797014225e-07
0.000485226016162
7.36792425247e-06
9.72057289748e-05
4.78854570384e-05
8.50492167557e-05
8.14582662817e-05
0.00152003607798
0.000656980283042
8.58597348992e-06
0.000230809058091
1.37684188582e-05
2.58481580179e-06
0.000608789554683
9.0464821847e-07
4.22331453891e-06
2.94096864545e-06
1.05492749452e-05
5.37086692999e-06
6.06412596771e-06
0.000554548524659
0.00458945514079
6.68450130281e-05
0.000352674396854
5.72832568495e-06
9.39829233902e-08
1.52290256288e-05
0.00051357691264
0.000624049524763
3.90007590724e-06
9.85005849226e-06
0.000173930056481
2.89842648161e-06
6.8215005304e-07
4.21989032107e-06
1.68228189758e-05
0.000188213896794
4.45663860634e-05
0.00124574320335
2.05523547339e-05
2.65047721904e-06
2.24560181638e-05
0.000236698236153
5.96113294013e-07
1.16466367227e-05
0.000307565209231
0.000858230731197
7.72187600121e-06
0.00509839272414
3.40053771428e-06
2.03478066807e-05
3.60040485257e-05
1.53930863068e-05
6.21964992325e-05
1.39411136264e-05
0.00430326162404
1.14012098389e-06
2.96113807942e-06
2.50374268458e-06
3.50610460013e-06
1.10228167782e-08
3.48884024353e-05
1.90577988604e-06
2.78396666106e-05
0.000137356937642
0.000131541585429
0.00129611111795
1.67636135328e-06
1.43399897659e-07
0.000175487359163
0.0
0.000397173364338
5.86048598433e-05
2.30954846463e-06
4.4048180089e-06
0.00294931276219
2.68587126663e-06
6.57195147296e-05
8.16273320703e-06
6.13202400576e-07
4.73330304956e-06
0.000355023106907
0.00173558452692
0.0
8.16698630853e-07
5.51386061416e-05
0.000283235462773
6.67480355976e-06
1.24436448111e-06
0.000287373285132
4.10745178383e-05
1.82281546395e-06
1.31318333343e-06
8.83428719819e-08
0.000120354051399
4.94844118715e-07
7.25152321264e-05
5.74985164286e-05
0.000372016426012
5.23599955172e-06
0.000376435989778
0.000369146872926
0.00142544256464
0.00244881280306
3.10738279852e-06
5.61870457467e-05
3.46613715775e-05
1.33819992781e-07
6.42673941495e-05
5.7079067278e-05
4.20733190162e-07
4.26822682488e-05
2.85261497189e-05
1.30067200457e-05
2.99873768256e-05
0.00190490439012
0.000232525710086
0.000433330348329
0.00014113117845
0.000381514873105
0.000665688553345
0.000486357371677
8.43448589094e-05
3.18453493728e-06
0.0
3.61808468702e-05
0.0
0.000245945411587
0.000156617773759
0.00373729098887
1.73190481505e-07
0.000312974358831
9.75648834954e-05
0.000209104757529
0.000620984155274
7.70477949502e-05
2.17198132878e-06
2.95213980318e-05
3.19922585835e-05
1.83557915739e-05
0.000812112760497
0.000802993569465
7.0612696104e-05
2.90452345562e-06
0.000946181269779
0.00013653448115
4.37210478341e-05
1.7373201544e-05
2.34263109705e-05
9.91393663189e-05
0.000212956072877
5.02116654244e-05
0.00105402788867
0.000169159627584
0.000103279148606
0.000122952093493
6.20191285531e-05
0.000483950329193
3.78005524928e-05
0.000373071298067
0.000992680599415
0.000213716781793
4.21003120478e-05
5.10437717428e-05
8.2232693638e-05
0.000190165682759
0.00181280697313
0.000338806423628
0.000199405891786
6.80002863877e-06
0.000566462719056
9.45235202895e-05
0.000287176173264
0.000923336562961
0.0002197078066
0.000550072794451
0.000182693540467
2.72841775481e-05
2.87827568091e-06
6.13901263983e-05
0.000235062547148
1.24241178421e-05
6.58337418764e-06
1.12907105345e-06
9.53290419654e-05
7.39774362645e-05
0.00138068468325
4.9931121039e-05
0.000252110255785
1.26574678334e-05
9.32833605677e-06
0.000113459263661
7.33184681033e-05
0.000614924641057
5.20811407799e-05
7.62445416044e-05
6.19510621676e-06
8.90425229057e-05
4.80448316106e-06
3.99228417774e-05
4.7707503802e-06
9.15833451523e-06
0.000262513634714
0.000134649676037
0.00586975157165
1.78649655759e-05
7.22672461838e-05
0.0041840022621
0.00249030157855
0.000340205404818
1.53939614784e-05
0.000212355407299
0.00034332712117
0.000430658930129
0.000395906422941
0.00796242236817
3.99784006757e-05
0.000802194339372
0.000149816862711
1.37955979962e-06
7.24959206233e-05
1.29641054938e-05
2.10992811839e-05
0.000244404721704
0.00027408040465
0.000140202598446
0.00192113292322
6.33683655241e-05
0.000136155696192
0.000311304161939
0.000259522759957
8.1735674519e-05
0.00118379079207
9.60298575925e-05
0.000123967372193
0.000211895530481
0.000262818631401
5.59161847919e-05
0.00232162984579
0.000727313862259
1.20826390237e-05
1.00529463755e-05
1.27895873118e-06
0.000121023089121
8.72449684918e-06
1.28011203071e-07
4.07298941836e-05
0.000476471334878
6.00847278867e-05
5.84003264597e-05
1.37800249824e-05
1.60009540071e-06
5.75158339633e-06
2.2255477551e-08
6.39233858455e-06
0.00416320780627
0.000829438027565
0.0
0.000332828158444
8.46479920651e-05
1.72261432561e-05
0.000633906422766
0.000607427032278
3.61596135816e-05
2.09870120974e-05
8.7434336989e-06
0.000135315627063
0.0010134752639
0.000418771959587
1.42287982049e-05
7.40911064635e-05
7.5173792789e-06
3.1627914716e-06
2.59204333486e-05
5.47576858833e-05
7.5153392707e-06
1.96836595188e-06
0.000637442711414
5.22000626506e-07
5.5407530102e-06
1.57746141262e-06
1.98026461296e-05
2.1616135641e-06
5.1165837534e-05
0.000213246375936
2.26818060283e-06
1.60330631724e-06
0.00147079387974
9.37346688104e-06
2.77881623072e-07
0.00506239150906
1.61861508415e-05
0.002965404573
0.00251140779811
5.25280527586e-07
8.48030835024e-06
0.000400681368256
0.000813062439338
8.31271707192e-06
0.000102460511864
1.02415536492e-05
0.000233113302459
1.33927484521e-05
3.55268154448e-05
2.90495143241e-06
0.000477681637496
7.91333826803e-06
1.69037123902e-05
1.79530934882e-05
4.84115662109e-05
7.81142966249e-05
3.86715698905e-06
1.56569539002e-06
1.68675916742e-05
4.87938671513e-06
0.000107502947208
0.000320417547554
7.605819817e-05
5.61087185876e-06
4.55711778004e-06
0.000112566717485
0.000416699047392
0.0
0.000328413711863
3.66396876051e-07
9.08517782229e-05
6.08706622214e-07
3.70512737838e-06
1.80695952315e-05
6.4975254327e-05
2.00472090156e-05
4.55853268148e-05
1.53449712707e-06
0.000142862097196
0.00013420017876
7.84304950839e-06
2.97806804933e-05
5.43726962325e-06
3.47974462067e-06
3.06356921573e-06
0.00013349537257
0.000764048190492
0.000188655353556
9.40810089258e-07
4.85787708496e-05
6.71760319113e-06
1.18611271169e-06
6.80021064574e-07
1.42621743558e-06
0.000177690424945
6.77630331775e-06
5.78338418128e-06
4.79618484537e-05
7.49860308795e-05
0.000182507262161
0.000233537901446
2.28554911668e-05
0.000153774484736
4.29870613471e-06
2.80764455295e-06
0.000377586902299
4.9469948529e-05
3.21085496833e-06
6.12607849774e-06
9.35170214031e-05
3.54804537176e-05
0.00115152570506
5.31037512144e-05
2.7425083741e-05
9.81261953112e-06
0.00055851099157
0.000872730759611
0.00127391213898
0.000502019651514
2.2523221666e-06
4.62405987577e-07
2.88420228519e-05
1.30017609282e-05
8.69500548576e-06
0.0002353549395
1.18627467988e-06
0.00278328141721
5.34636496167e-07
1.33777047165e-05
0.000109727394565
0.000172916547254
6.38206148016e-07
1.18627467988e-06
0.000299375256558
2.61350752852e-05
3.30813769268e-05
1.75501892623e-07
0.000287627030326
9.76505758127e-05
0.000331085103194
0.000163264866275
3.76279530095e-06
0.000419619310903
3.52406298379e-05
5.66664671996e-06
6.00709376979e-05
7.88267571873e-06
1.79202502313e-05
0.000132452488136
6.9163150023e-06
3.94924359066e-05
0.000193270133628
3.63912127362e-05
1.63587044049e-05
7.33717200264e-06
1.13387332045e-05
1.34473310718e-06
9.83026568731e-05
4.64508585051e-05
0.00013816816411
0.000171634624565
3.79163856651e-06
6.08706622214e-07
5.02469193003e-05
3.48098097699e-06
3.80379651372e-05
3.91999555648e-05
3.19783498716e-06
1.61968194481e-10
0.00284050085715
8.25150611611e-06
3.55583630046e-05
1.89242479013e-07
2.02107529453e-05
1.34391976901e-05
1.01077821251e-05
6.84862559416e-06
2.45268393359e-05
1.89195217742e-06
0.000136397730414
2.73324189246e-05
0.00176972645191
2.28910151137e-05
3.59617477063e-06
8.68994357944e-05
0.000129003944316
4.8996997048e-05
4.78482960417e-06
3.79132947035e-06
0.00063766385819
3.16953698926e-05
4.41078127039e-05
6.51912195668e-06
8.96710879206e-05
6.4216130738e-06
0.000129011378956
7.75996687646e-07
1.09912099562e-05
3.81712938839e-06
9.29241267302e-06
9.57747991948e-06
4.43691297176e-05
0.000719473706453
4.03536928111e-05
7.98614280149e-06
2.09710086893e-06
1.41135580896e-06
1.61968194481e-10
0.000108044923497
0.0
1.7027941779e-05
1.64769646728e-05
1.61968194481e-10
4.02087847524e-05
9.11723574771e-05
4.22387176697e-07
0.000174563160291
1.17389678096e-05
0.000341764123622
2.68656629632e-05
5.1099449149e-05
5.47996186217e-06
0.000105324968741
3.65262784164e-05
3.70704177739e-05
1.31655618609e-05
0.00387535881371
3.04445823301e-05
4.06368832369e-05
1.61968194481e-10
8.6765656115e-06
8.12775819085e-05
1.58973274227e-06
0.00578432822737
0.000205223422638
0.00141296360297
1.83939996077e-05
0.000634624676309
9.34453956821e-06
9.58641939163e-06
0.00136797459455
1.61968194481e-10
1.34353069572e-05
5.43985898038e-05
0.00121450818312
2.61484713134e-05
6.91285409965e-08
1.74658309638e-06
4.44641908974e-05
1.65782634587e-06
0.00100427839938
1.25145096381e-05
5.81801910738e-06
5.68636289873e-05
0.00011983582042
1.73379668042e-05
8.02759206752e-06
3.32871718848e-06
0.000174387741624
8.84522765686e-05
0.000134871184279
0.000175599111896
3.31698028848e-05
2.44745070799e-06
9.50955923649e-05
8.83182977285e-05
5.52403943884e-08
0.00192421011765
1.4988297306e-05
0.000140723981312
1.02611731344e-05
0.000200415894434
6.16358679522e-06
0.000395689664502
2.04749895669e-05
3.15337953091e-06
5.05494323707e-06
1.33444308684e-05
0.000231727304991
0.000127676951328
1.77108451797e-05
0.000122800973339
3.13665399929e-06
0.000110556338518
3.39730494793e-06
0.00028829695431
0.000260688442959
2.19037461889e-05
7.2748699779e-05
0.000127665190169
1.79223142766e-06
0.000369306400508
6.36132796434e-06
4.96317308206e-06
2.41437614761e-06
1.61968194481e-10
4.5697289444e-05
0.000119172384156
8.57195481251e-06
0.000115830022354
1.81986407635e-05
3.24679825688e-05
1.84682012995e-06
0.000199471896308
0.0
6.71065413626e-05
3.50711018823e-07
1.96466887102e-05
1.92158138835e-06
3.187233933e-05
4.85749843674e-05
7.13081514961e-06
1.22610894567e-05
5.97755038339e-08
6.74940976824e-05
0.000328396214955
4.55199697357e-06
5.51436682411e-06
1.18627467988e-06
0.000152183941065
6.6498828507e-06
9.69127502068e-05
6.03802247134e-05
6.50606882292e-06
6.26237562639e-05
1.54420763941e-05
4.3905947501e-05
0.00027147046353
5.22159373764e-05
5.58452989136e-06
5.90932560916e-05
0.000508684012492
3.03265771813e-06
1.60724208973e-05
0.000547814006769
5.10452505719e-06
0.000203663701063
5.22291082952e-06
1.54674255276e-06
1.26971590996e-06
1.91442986079e-06
0.00011602334902
1.97593211047e-06
0.000249404577864
7.00243884673e-06
9.63254870422e-05
2.4269890593e-05
8.19581820006e-05
1.72621728019e-06
0.000635985085521
8.5795158894e-05
5.21136822315e-06
1.73957893952e-06
0.000137828167388
2.03328133251e-05
2.98842440249e-05
1.25734364553e-06
4.21428061005e-06
7.96909494545e-05
6.05754871385e-05
3.577160796e-06
3.41297432097e-05
5.36519010119e-06
1.0797030603e-07
0.00113053516123
6.06255369769e-06
7.87835912917e-07
6.76196806859e-06
0.00130680463404
1.19638006291e-06
2.12268448789e-05
0.000264947620217
2.48964630739e-05
1.46878030645e-06
1.63404453918e-05
2.39471101017e-05
0.000553954506283
2.15836011087e-05
2.73133621085e-06
0.000619801657379
1.99227259744e-05
0.000385448617508
3.66396876051e-07
2.5819842718e-06
0.000290434696485
4.71336192203e-05
9.10909398172e-05
1.00663222599e-05
3.25786043393e-05
5.05731060527e-06
5.76025237653e-06
2.27837035906e-05
0.000551677114548
8.21496739276e-06
2.87673910845e-05
3.77364042338e-05
8.45213545643e-06
0.000651756539003
1.26561446798e-05
8.70865732443e-06
0.0
0.000163624158637
0.000175562834329
0.000170089596348
1.7812173123e-05
0.000184767435931
0.000407546332495
0.000448767014178
0.00125165927058
0.000432221679165
9.30613403813e-05
0.000212941334701
7.11810344191e-07
0.000365968143137
0.000160820147656
5.08932673934e-05
0.00165228943018
1.63616024622e-07
2.34921072771e-06
2.09736578654e-05
0.000100144758877
2.2305814961e-05
0.00027724971645
0.000473110102194
1.64318759821e-05
0.000189297820518
1.75739445618e-05
0.00015682841202
3.50549219254e-06
0.00118337281984
0.0
6.01775735917e-05
1.1879824246e-05
0.000833694827755
0.000311739506635
0.000426085063842
4.65668494411e-05
0.000181563674673
4.08303894377e-06
0.000262607155282
2.89844896087e-05
0.000397167251933
4.73851394665e-05
0.000113808998028
0.000174814145429
8.69209522882e-05
7.51473824486e-06
9.00777503933e-06
0.0123043554933
0.00145887083328
0.00106212308779
0.000290285891326
3.41927899709e-06
2.4196066819e-05
7.12665715472e-06
0.000138200182528
4.37572666918e-05
3.60751545148e-05
0.000165375657776
0.000294183273095
2.65221303046e-05
0.000132794200112
3.54474984113e-06
0.000300576234071
2.00099383591e-06
7.95611973604e-06
3.80375075095e-07
8.41517492077e-05
0.000126037914237
0.000380083401339
5.74340120799e-06
1.59053523783e-06
1.61998972959e-05
0.0011117967385
1.54860649005e-08
2.11570556697e-05
1.92447523831e-05
2.55823669788e-06
5.55095669727e-05
2.77808097629e-07
1.58575517529e-05
0.000110075362416
9.35422035152e-06
7.17562551965e-07
7.64697169468e-05
1.80070522099e-10
1.05915654481e-06
1.5183068431e-05
3.88727261325e-05
6.40412985371e-06
1.80070522099e-10
0.000145448213555
1.94844461207e-05
5.80920644508e-05
2.0327642115e-06
7.58146426382e-06
3.57185631889e-05
5.84101993935e-05
4.05432173521e-06
0.000121211253138
6.21192405429e-07
2.57434736772e-05
9.41995211337e-05
0.0011673558706
0.000486562644552
3.82274972353e-05
0.000135427201441
1.66401986127e-06
3.91061640308e-05
1.9930524476e-05
4.29799868036e-05
1.73060186945e-05
6.05321750345e-05
0.000205336729709
4.8365853298e-06
0.000196116782601
0.000432323761179
1.63543182103e-05
0.000381784987508
0.000742504033999
8.40648734247e-08
7.84820327285e-05
0.000196890739745
0.000133459243031
4.10087926155e-06
3.18865453071e-05
3.09598019025e-07
5.47750361592e-06
0.000288598522389
1.08709373433e-05
6.56391878337e-05
2.42017012735e-05
0.000467381762953
2.51704619921e-05
8.34460581484e-05
0.000169378687518
8.20931579732e-07
7.77204866632e-07
1.85594696136e-05
1.93125634951e-08
1.640821627e-05
0.000132723501036
0.00202783059813
0.000207852588624
0.000166359956599
9.54405717139e-05
9.60345648195e-06
9.55093706349e-05
0.000219403748369
0.000168452230159
2.09988459942e-06
1.85580717024e-07
3.27022971141e-06
0.000298879673654
1.70279416757e-06
0.000429146018656
1.37794244939e-06
1.51079467911e-05
0.000183303459796
3.30635296453e-05
1.22730891893e-05
0.000506474793893
7.82895469413e-05
9.79346661222e-05
0.000186491347154
1.09086656574e-05
2.52985128413e-07
0.00170037820848
0.000105978097431
2.04558109403e-05
0.000134567727812
1.34761691985e-05
0.000608423280701
1.74162970843e-05
5.07416799017e-05
2.89011685391e-07
0.000319303877861
3.98154549123e-06
8.86051252807e-05
4.85035025135e-06
5.00856766563e-07
1.62206385102e-05
1.09728852283e-05
5.88453684689e-06
5.27568007777e-08
0.000103981779963
0.000107982995729
0.000400974180491
0.000349946359329
0.00152756520946
0.000141374722435
1.97837837991e-05
7.45477521247e-06
0.000143246052039
9.66897551084e-06
0.000131194609975
5.62287398694e-05
2.65919729195e-06
0.000994797368766
1.09083983557e-05
0.000128079445889
3.7065726025e-07
4.02183122151e-05
5.75694263382e-05
1.31478329088e-06
5.91465715159e-05
0.000483538039385
6.50611426919e-07
3.23184427183e-06
0.000259633324678
1.67192027309e-05
2.34466429359e-05
0.000279992988366
2.74032793294e-06
6.99372871565e-06
0.000676574991263
3.9906270852e-06
5.59107647215e-05
0.000276869225618
0.000838173042403
6.24299845534e-06
3.09107544309e-05
4.91795555906e-06
5.02980374304e-06
0.0
0.0
1.75254973093e-06
0.000246985658205
3.1007703033e-05
1.44043442068e-05
1.59053523783e-06
0.0018130485755
6.40464900133e-05
4.45401875695e-06
7.25283924854e-07
4.15215762448e-06
8.79705621473e-06
1.38633780727e-05
3.44871067401e-05
0.00193553552857
0.00200872862814
8.71656692294e-06
8.93040499253e-06
5.55759679877e-06
1.80070522099e-10
0.00114073522684
0.00217759029035
0.000139515448192
4.22451083131e-05
0.000104329097837
4.56184502007e-05
1.81264659919e-05
3.79412738708e-05
5.0808710757e-06
1.41440229448e-05
0.00104911498482
4.99234995771e-06
1.51290684921e-05
1.48531966501e-07
0.000103913743298
7.14877450072e-06
1.80070522099e-10
1.78081519092e-05
1.28093721881e-06
0.000347007616374
1.19411340501e-05
1.52642598758e-05
5.54763265472e-05
2.84220492544e-05
1.59082645603e-05
3.39479873357e-06
3.24527954179e-06
2.1284133926e-06
0.000505735345109
0.000695932905654
0.000761361518644
9.93506119958e-07
8.08153293319e-05
8.70607381484e-06
8.11637616611e-06
0.000248739270477
0.000143680139805
1.26627568366e-06
7.68609899355e-06
2.82405111833e-06
9.28106888501e-06
7.34206138303e-07
0.000531283691082
2.48841876053e-05
5.79964705523e-05
2.93727430772e-05
8.10853192636e-05
2.94952957841e-05
8.60587265332e-06
7.11165697469e-05
0.000637813028908
0.000526455005561
2.42534387894e-05
4.06754435004e-06
1.87899224334e-06
5.80317274049e-05
0.000122851808283
1.18749568979e-05
1.09686552051e-05
7.54995025064e-08
5.00966277274e-05
2.41057293885e-07
0.000193424546425
2.08127535877e-05
1.06754109776e-05
0.000242898135268
1.87268205681e-06
2.5392627613e-06
2.04099032487e-05
3.08773982119e-05
2.99520688529e-05
3.11180350819e-05
2.11520217083e-05
2.31080826442e-05
3.64364640569e-05
1.75663959635e-05
6.3714774264e-05
0.0
2.27163254091e-06
0.000638525347673
1.10853212226e-05
4.08845812048e-05
3.65002152548e-06
1.29135914586e-06
1.28378387216e-05
9.42229731028e-06
0.0019697987725
4.33146216197e-05
0.000517061198729
0.000125505055996
0.00116254090781
1.77002807333e-06
0.000109116814403
1.3423994946e-05
8.66590231836e-07
1.16334195811e-05
0.000105834564533
1.05356355373e-05
1.20124569063e-05
6.99738114584e-06
4.22508346225e-07
3.10798035618e-05
1.70714857661e-05
1.87336418548e-06
6.11531915205e-06
0.000274577175949
4.23498717488e-05
4.37830006007e-05
0.0
5.67460930351e-06
4.4957132749e-05
1.42069571008e-07
3.37988481881e-05
0.000293705031621
7.68215879859e-05
6.99178641475e-07
1.46600201147e-05
7.62360573377e-05
1.35731568701e-06
2.04715243987e-06
3.71048458653e-05
0.000164248412281
3.94777304595e-07
5.39825311797e-05
2.23543046761e-05
6.61149931995e-05
8.37969371672e-07
2.21230289884e-06
0.000164887151862
6.76274418449e-06
1.28093721881e-06
2.51041969886e-06
5.49832316444e-07
1.4974409142e-05
1.32060432761e-05
4.6079268423e-06
2.148973473e-05
0.00037599340894
0.000114528164049
0.000266258056043
0.000391900874955
1.60359037491e-05
1.14285479807e-06
1.45068463193e-06
0.00759744089668
3.09778089548e-07
1.35121979217e-05
5.40234583614e-05
1.27047905113e-05
0.00059407088298
2.05157535572e-05
0.000322363350058
3.97619784282e-05
1.33126632029e-05
4.47963451544e-05
2.88768944192e-07
2.28252926363e-05
5.21737622973e-06
1.38412162546e-05
1.89088589953e-05
0.000820310403505
3.10892256647e-05
1.62390618108e-06
0.00037116488878
0.000108570042257
0.000726590090771
0.00197260640453
3.69680833526e-05
2.69477620643e-06
0.000520093288747
4.37942284369e-08
1.93174702296e-07
1.44777358569e-05
0.0
9.57603499421e-06
1.41175856782e-05
2.65516187525e-05
2.54047082363e-05
1.66716987716e-06
4.08449551738e-05
0.000596689699046
2.79453822605e-07
0.000294397303121
3.90635513855e-05
0.00622254457098
2.55205906161e-06
0.000332883268412
1.47803409362e-06
7.83593362215e-06
0.000476828378256
2.57160346275e-05
2.79453822605e-07
3.5032202419e-05
1.93174702296e-07
2.79453822605e-07
3.71572718096e-06
0.00101783272767
4.51744597343e-05
9.18431930888e-06
1.93174702296e-07
4.15827653583e-06
2.30226517491e-06
6.27542933726e-05
6.78188094116e-06
1.27985249223e-05
2.08366922837e-07
1.29458544821e-05
1.93174702296e-07
2.35728732222e-06
5.53200688574e-07
7.11556687526e-07
0.000244264903476
0.000694809226675
1.89324250243e-06
1.25553611015e-06
6.09858209184e-05
0.000114260957532
0.000117953941204
7.54801163511e-06
2.44592842729e-05
0.00018893347663
4.26687548758e-05
1.95860096227e-05
0.0
0.00278117560636
5.43927066012e-06
0.000202107171518
1.93174702296e-07
0.00151211799548
0.00717452313944
1.59448520464e-06
3.9069552861e-05
1.1408907857e-05
5.53200688574e-07
8.07506212114e-05
1.08627354932e-05
8.56104250138e-07
3.96998838796e-07
0.000189334948364
3.91693747057e-05
0.000293910417461
7.2467397623e-05
3.83807484764e-05
0.00066038764071
6.82485435791e-07
0.000371687209032
9.30793671943e-05
0.00263615392602
0.000843064447062
0.0
1.93174702296e-07
3.81340153282e-05
3.52174689023e-08
0.000315506033658
4.6627692864e-06
6.68388526656e-05
1.59590547262e-06
8.61774821487e-05
0.00155416226878
3.01270124077e-06
2.79453822605e-07
0.000300328263485
7.90071993903e-06
8.31502009829e-05
7.42983496991e-05
1.13663768397e-06
1.3912781915e-06
5.53200688574e-07
0.000181127669515
0.000110513117431
2.79453822605e-07
1.5844528938e-06
0.000101258180194
0.000111627895121
0.000276229189584
0.000991611270972
3.21578562339e-07
4.2832542507e-05
3.44095874075e-07
0.00342555038455
0.000636482893792
9.51486713079e-05
6.67298720319e-05
1.93174702296e-07
0.0
6.26029456138e-06
2.50711522233e-05
4.31818544815e-07
1.93174702296e-07
4.094254667e-06
1.0370653666e-05
5.38753780117e-05
3.17046028955e-05
0.00166019931854
0.00038666636224
3.43784739773e-06
2.56493944783e-06
6.81830758107e-05
2.64795588696e-06
4.66858279224e-06
3.22506797378e-07
2.04627281117e-07
4.6019633813e-05
3.70077222981e-06
7.86517608976e-07
0.000528371771759
8.06871149716e-05
1.93248402148e-06
3.22794255204e-05
5.60988072552e-05
6.47553073555e-05
0.000227344055278
2.04627281117e-07
2.85972460307e-06
1.93174702296e-07
8.39683786919e-05
1.5844528938e-06
5.29994522132e-06
0.00012569580013
0.000177039283633
0.000234171853361
6.371108372e-06
3.33551455064e-05
1.93174702296e-07
5.55765243795e-06
3.29372392332e-05
1.1046522191e-07
1.39472625706e-06
1.93174702296e-07
1.40257017673e-05
0.0766239910582
0.000162164206329
0.000176300705865
1.23171558817e-07
0.000944691585756
4.8776257727e-06
2.98094864574e-07
0.00252548622992
3.90426920257e-06
7.13341721536e-07
1.00684255926e-06
0.00134681443487
3.25761052358e-05
6.22209834909e-05
0.000211137028999
0.0249843150948
0.000202057121086
1.92478529545e-05
0.00046234903924
1.06929290324e-07
6.56419068042e-06
0.000140640131989
3.30388210619e-07
5.99470862974e-07
2.76541158263e-05
1.20764008961e-06
6.66624397197e-05
0.00028431422336
4.79561795211e-05
1.91748905551e-05
4.56897462859e-06
4.38610420248e-05
0.000272937357294
0.000191308294069
3.74026026079e-05
0.000317393125144
0.000671785200176
3.22770526377e-08
2.13884432111e-06
0.00356580227249
0.0029314930062
7.45692722521e-06
0.000158735686362
0.0005230026197
0.000159013842518
0.0
0.000223187321861
1.0521571732e-05
7.80078480453e-08
0.0
1.04362511661e-05
2.06348223008e-05
2.71884419419e-06
0.00025463146067
3.27417012663e-07
2.4627571891e-09
0.00013895584041
3.1539232234e-05
8.75039774709e-06
5.96248738209e-05
3.86014382262e-05
0.000602213446578
0.000208938232343
1.79239797051e-06
0.000330802568215
8.2533777666e-06
3.64021365097e-05
4.71552392082e-06
4.62049248334e-06
3.04930141763e-06
1.22072424404e-06
4.02719707876e-05
1.25692415758e-05
3.82206275362e-05
5.19694941802e-05
0.000100248567457
1.5338622355e-06
1.24872752085e-05
5.5095217056e-06
0.0
7.49408948562e-05
6.05901340452e-06
7.0669968422e-06
0.00158660726277
0.0
5.97102832525e-05
3.5692994921e-05
1.79412723967e-06
1.52534051112e-06
1.68129120193e-05
5.12544589906e-05
0.00116309487932
0.000445134049599
7.86824959067e-06
0.00140003300193
1.83560528834e-06
0.0143108459255
1.15679159997e-06
5.51446886048e-05
5.26598246084e-05
2.14298982593e-06
5.25680005343e-07
2.08832969801e-06
0.000235226368478
1.50101724928e-05
1.26854831442e-05
1.55181091763e-05
3.64928251956e-06
8.18177151515e-07
4.7857804187e-05
5.71069031306e-05
2.3226153515e-05
0.00150019481813
5.57282786864e-05
7.30703271786e-05
0.0002234975247
2.20866296211e-06
0.000906402558419
0.00016863034103
2.76459807862e-05
0.000174175620773
3.19326148584e-06
0.000853737404785
5.33568129986e-05
2.4627571891e-09
2.53833552804e-06
0.000178904940119
0.000434818344966
3.47048483003e-07
8.14671840762e-06
0.000428329440458
3.40677826639e-06
2.80189873173e-05
0.000115052469324
0.000206713076386
2.36016346472e-05
0.000470002172045
8.90753084438e-05
0.00184272984146
0.000546044984073
0.000204877258045
0.000289414165438
2.4627571891e-09
5.18941496664e-05
1.74254219476e-06
8.15458683194e-05
0.000107674157503
0.000163527934982
8.18801438152e-08
3.97103638887e-07
1.61381087483e-05
6.24954286113e-05
0.000257908214461
4.28701103482e-05
0.000369338091336
0.00186580648384
5.25680005343e-07
2.4627571891e-09
2.36076548224e-05
7.48389703582e-06
0.00104669910292
4.05100121618e-07
3.34039634292e-06
3.01680978072e-07
0.000576502345755
3.45050780686e-05
0.00281254856296
0.0
8.85370260298e-05
4.22931823915e-05
0.000228310821911
0.000637574440595
4.13993063516e-05
8.78760401637e-05
2.04072916865e-05
6.87912285307e-07
1.02093578469e-05
7.89464727202e-05
2.92875351903e-05
0.000106309391519
0.0
1.86368315122e-05
2.00115083161e-05
1.5149663029e-07
0.00142252648628
0.000598986319032
3.45278968769e-07
3.40951779116e-05
5.6405295073e-07
0.00046942277601
0.000105919089826
7.49086698797e-06
0.00047895754869
1.92681550766e-06
4.0393949914e-06
6.86824338377e-06
0.000290160597653
0.000528153846308
0.000102401386101
4.10510163086e-05
0.000487366079548
4.99451747781e-05
5.06613460152e-05
0.000678890056703
1.52888401579e-07
2.97189066766e-05
4.17279759948e-07
2.15427041319e-05
0.00027103619927
0.00265194385738
1.85231130751e-06
0.00343807302454
0.000885620056496
3.32190157881e-07
1.74105574664e-06
2.74921518148e-05
0.0
1.50896055502e-05
0.00068070638869
0.00033667304116
0.00227675497176
9.32991993035e-05
0.000199502208617
0.000176475162413
0.000332789227784
0.00131659015296
4.40921353726e-06
4.36992856084e-05
2.64285824024e-06
0.00129370220033
0.0
4.11863239152e-06
2.4627571891e-09
5.50890578007e-05
2.45811409576e-05
1.67219577453e-05
0.000188030658848
3.89846138119e-06
2.1336117071e-06
0.000479040443348
0.000135335046177
4.35166547949e-05
4.96424521874e-06
3.74960231232e-05
7.44433834444e-05
0.00025375478787
8.4914217834e-05
0.000219705696413
0.000258949310766
1.89576823695e-05
2.95590105206e-05
6.65109712514e-05
4.9954706572e-06
1.1863326551e-05
4.7322739222e-06
5.55954180794e-05
6.43936296688e-06
0.00371198061833
6.25146170776e-05
1.02762349216e-07
0.000334380462142
4.83731647577e-06
8.03816665938e-07
8.95468745952e-07
7.31364164592e-05
8.12916458346e-05
3.8131957806e-05
1.3072672555e-05
0.000361727445051
0.00126583435457
0.00204182013601
0.000181496903439
3.46090182116e-05
6.05374108292e-05
0.000232503373475
3.80702639177e-05
7.57126023308e-06
2.4627571891e-09
0.000308063246837
4.16611835181e-05
9.42695113395e-05
2.4627571891e-09
0.00147303068105
0.000264108750523
6.74848820714e-06
0.00020636005893
2.39793356289e-05
3.45332821177e-05
5.21708855934e-05
1.22977257093e-06
0.000159879052643
3.98591588055e-05
8.62385867962e-05
0.000436664115157
3.02436930323e-05
6.03494978404e-06
0.00015938609205
1.04847643901e-05
4.21651686949e-05
0.000196370301275
0.000334863751811
0.00220772796543
9.53517863297e-06
3.67319183463e-05
8.9397734915e-05
8.81922671832e-05
0.000488259678301
0.000584128782755
1.00158161974e-06
8.07724154464e-07
2.08052749924e-06
2.94049589686e-08
4.06880346689e-05
0.00283861958303
0.0028314308173
2.62452073734e-06
5.03880024263e-08
0.000100163581172
1.0796523669e-05
7.19683620793e-05
0.000574471734337
5.10334171156e-07
0.000288354996882
0.00234066942013
2.18757916381e-05
2.93989147123e-05
0.00282562788848
0.00101228951453
0.00196378001619
4.9342317006e-06
0.000199544618394
1.77902861535e-07
0.000540255909163
0.000444089421667
0.0112302506391
4.91089262861e-07
3.24219683981e-05
2.20035815163e-05
2.60856282532e-05
0.031718713405
0.000612279453297
0.000215052002145
2.66080513392e-06
0.00120467905989
3.35854825341e-05
0.000567936599796
2.12305274679e-05
0.000472470956908
0.000134320102492
0.000216010108987
0.0
2.30148148175e-06
1.00859790526e-05
0.000914459381331
2.88824114931e-06
4.36643690274e-05
0.0
0.000264377620606
0.00055893874001
0.000137959312506
0.000617051844033
2.53422719538e-05
5.45546803902e-05
2.55478476114e-05
1.94635622174e-05
0.000858188081607
2.75549380761e-05
2.24603307591e-06
0.000145980616396
1.47485020344e-05
9.29665963649e-05
0.00716682079666
0.00476522805647
7.70987674363e-05
7.25252503665e-05
1.4984491344e-06
3.45364389283e-05
0.00133874616363
0.0
0.00297231251558
5.10995588507e-06
1.37027288995e-06
3.39952229328e-05
1.04504905416e-05
5.9297460915e-06
0.00111109012032
0.00198849055231
0.00202464263835
1.17259373532e-05
0.00011807361857
0.00141075777671
0.000330016279907
2.59313380751e-05
0.0
2.18872123779e-05
0.000435961507079
1.71006775591e-05
5.95875394907e-05
0.0
2.06423600429e-06
0.000998258477737
0.000122900708048
5.55813626069e-05
1.30367024702e-06
2.85893220879e-05
5.59192496598e-05
0.000266337435543
1.98690472296e-05
3.74255584666e-06
1.05924320808e-05
0.000155181039346
6.86904097555e-05
0.000931191941295
1.80317837687e-07
9.38690512886e-06
6.78052733208e-06
0.000257858153888
0.000235213940057
6.65416317479e-05
3.21092157588e-07
8.34488734743e-08
1.07043112776e-05
3.83098510635e-05
0.000436406119681
2.37915563021e-07
0.000379373939062
5.38157834761e-07
5.90170958024e-05
0.000148382860784
9.66290557075e-05
0.000629617531801
2.5187603111e-05
6.13114191951e-06
1.00002637194e-05
0.0
0.000100826410178
0.000524372328465
6.14806527918e-05
2.3554621777e-05
3.21092157588e-07
3.43265621979e-05
6.37637929796e-06
7.70855604662e-09
6.42790151261e-05
7.27109629801e-05
0.0
3.19869702494e-07
1.41697897419e-05
1.15348749637e-06
1.34288635719e-06
0.0
0.0
0.000140073018856
0.00016135405703
2.45176301982e-05
0.00129797731596
0.000524243893456
0.000108030205374
7.56355142829e-05
2.19306038527e-06
0.0
2.71315813324e-05
7.22998779132e-06
6.53261075389e-06
9.08158332677e-06
0.000146163516404
3.50658729185e-06
5.34320401324e-05
3.14132898433e-05
0.000728585718933
1.25544284201e-05
3.61503355869e-05
0.000419838725707
0.0103897249425
0.00234710420964
0.000572434337793
0.00013448944334
4.93659432463e-07
5.78245109315e-06
6.34180274045e-06
0.0
2.84225268242e-06
2.93103931926e-06
1.9457380892e-06
0.000404834000687
2.23645437406e-07
4.08091872628e-05
8.09487839047e-07
4.18411741682e-05
0.00362579478776
1.91664890467e-06
3.09701818562e-05
0.000168056410637
1.0588298119e-05
1.01652868952e-06
0.000397585612273
0.000102582787627
0.0
3.75748369328e-06
3.96914320553e-05
6.94397532646e-06
2.61413143506e-06
2.61159585331e-05
1.49618145513e-08
1.40844921644e-05
7.30945248044e-07
1.55589198295e-07
2.07871835949e-07
6.38553724199e-06
4.28398481634e-05
0.00100968731175
0.000683179963216
0.00159664094059
0.00040748694078
6.67890561268e-05
0.00139905713713
9.11038851307e-06
0.000661677437304
0.0
0.0
5.15074414467e-05
0.000344911210145
0.00491600688608
1.16037453973e-05
2.47116473018e-05
4.54199292562e-05
0.000110396760527
0.0
0.0
1.23487037994e-05
7.87638645954e-05
0.00214683661458
1.11481485696e-05
4.88991270135e-07
3.29822441017e-05
0.000145850599137
0.00210881877854
0.000267314512227
1.16246743931e-06
7.21964946234e-07
0.000928408933777
3.08005305305e-05
1.21166693261e-05
4.48248068991e-05
2.84740666963e-06
0.000118030835944
6.08744930189e-05
3.61091262572e-05
0.000103776754339
2.06537444146e-05
7.54880925054e-06
0.0
5.50087085602e-05
0.00230407267804
2.77906309493e-05
0.0
3.36758541411e-05
9.20203064478e-05
6.00132735154e-06
0.000461343595445
0.000381460178163
3.19829103182e-05
6.99071002107e-06
2.0030685986e-05
3.46296344554e-06
1.48364552354e-05
4.59669272789e-05
0.0
0.000238975395703
4.13745056042e-05
4.56035011147e-05
3.02294292359e-05
3.50870338405e-05
0.0
4.52268983401e-06
0.000265092661288
0.0
0.00013248075396
0.0001208971644
2.03300827001e-07
5.69639277895e-05
0.0
0.000171999871216
0.000368288058171
0.00122234784265
0.00041520364199
0.000148454351279
0.000644796063579
9.01133363112e-06
0.00265443631951
0.0002201982597
2.65883915715e-05
0.00134738451179
2.73761191264e-05
0.000276570605603
0.000236728915692
3.65075207774e-05
0.00123879708714
0.000868976036726
0.000102100838411
0.000165419092643
0.000891538554405
4.62306837671e-06
0.000219416651794
0.0
0.000190281663163
0.000100031272793
0.000111440959922
4.73959733339e-08
4.59018528931e-05
1.40527221556e-06
5.94150594198e-08
0.0
2.28523853193e-05
4.09240528215e-06
4.81022678699e-06
4.19128263743e-07
0.000597701762653
8.75560656791e-05
0.000107049661311
0.000176300678431
0.000195235005091
0.000124682241859
2.66590963551e-05
0.000977859845033
3.67257287179e-06
2.0276338226e-05
3.85302416525e-06
6.09442749308e-05
2.7103621102e-05
1.81395558455e-06
0.000161951063511
1.51104276103e-05
4.5823436498e-05
0.000124700778708
0.00633225220551
8.65442415557e-06
5.88735478919e-07
1.66197261053e-05
7.69096637548e-06
7.74480636162e-05
4.39032012683e-05
5.71354788471e-08
0.0
1.99172308709e-06
0.000448183155744
3.30847436706e-05
0.000162851755362
1.18467932418e-05
9.02096234064e-05
0.00192628192439
0.00161615315846
7.48458502429e-05
0.00213486099561
0.00010082762231
7.99277148933e-06
5.31001195634e-07
1.86644497789e-05
4.50634569863e-05
1.24637656751e-05
0.00134734629098
7.76491300442e-05
5.35353468735e-06
1.19165685538e-05
0.000105322562903
8.49682557959e-06
0.0
0.000226797612472
0.000145390982142
3.96597009129e-05
9.11038851307e-06
6.8294061385e-05
7.37808307939e-09
0.00163921521909
4.07125446357e-05
0.00765036095297
0.000309362565096
0.00167491357219
6.77904649096e-07
0.000730401863294
1.6059520239e-06
0.0
1.08823868587e-05
5.25677630059e-07
5.57448379805e-06
1.52132855057e-06
4.89630610613e-06
0.00223450611328
8.42249872008e-06
0.000113946558262
0.000145821716804
1.0454535264e-06
0.000580435414239
1.47773720398e-05
0.000273417447099
1.5148468513e-05
1.55589198295e-07
1.70109672979e-05
0.00039108050771
1.84481780558e-05
2.41637126579e-05
1.01815616283e-06
0.000234408200756
9.36629679429e-06
2.01970121456e-05
2.85531665654e-07
8.23093684953e-05
5.1032347197e-05
1.67727588679e-05
6.69676293765e-07
0.000542698285472
0.000412576301518
3.81341597965e-05
0.000261570867861
5.77065177621e-07
8.41190991588e-06
3.23921573547e-06
3.7201196708e-05
4.24679649725e-05
0.0035946022165
3.68530644098e-05
0.000368032874944
1.20690932301e-07
2.18387776242e-06
0.000153979933005
0.000423115408109
3.53069091699e-05
0.00294881880285
0.00127352633417
4.67174282525e-06
1.38009137817e-05
0.000200691532707
0.000194553351111
2.0617017231e-05
7.25053405047e-05
8.39062354764e-06
6.90588901108e-07
0.000120060881436
0.000322209003705
1.04718852981e-05
0.000475194413654
3.84718505132e-06
0.00113304129696
4.2924463956e-05
4.22937973925e-05
1.14190622238e-06
2.32443579673e-05
6.62195147562e-07
0.0
9.13715150893e-05
0.0
0.000153453591616
0.000233980354097
0.000585725921257
4.46603677382e-05
0.000383915039488
4.22976710148e-05
0.000165802961218
0.000615574208865
1.53059943784e-08
7.80789017042e-05
8.21595700093e-07
0.000935960264465
0.000108242651621
0.00062040883636
0.000272280256895
8.4188086768e-06
2.52331505895e-06
0.00246771055761
7.00505145827e-05
6.60170414398e-05
1.40995462053e-07
5.17528150166e-05
8.18104788053e-06
3.01243460094e-05
3.89746034842e-05
4.41995932013e-05
6.81046858872e-05
5.85452961207e-05
5.72769082052e-05
9.088453897e-06
0.0
1.15350546412e-08
2.81401196993e-06
0.0161714430218
0.00629737895495
0.000510046957117
8.62976384496e-05
3.54802844044e-05
5.93843616448e-05
0.0
4.91089262861e-07
2.48240912447e-06
2.01164650918e-05
0.000138903038183
0.000519860983446
1.78369570327e-06
0.000193449109921
0.000374911818098
0.0
0.0003007992684
8.60743859902e-05
6.75259061885e-06
2.04118029067e-07
1.10409091189e-05
0.0
3.66404705987e-07
3.90945436256e-07
5.05634096712e-05
7.06716932896e-06
3.06972485298e-06
0.00247107223192
0.000168810551108
0.000141255929105
3.51249229563e-05
0.000143191908854
0.000269242846544
0.000526713959926
0.000151260840706
0.000107067790013
8.48937757919e-07
0.0
0.000821357011511
9.58657890977e-06
1.86049874935e-08
8.23165107555e-06
6.10853312105e-06
1.85263258182e-06
0.000322520010852
4.91196676396e-05
0.000665556818521
3.74367425633e-06
7.21239904706e-06
2.70794395473e-05
2.35149542973e-05
0.000254969410709
0.000323368000244
0.000141979057016
4.23103234306e-05
4.58983927823e-06
9.14625757607e-05
4.64548433282e-06
0.000455300803934
9.22301052533e-06
8.35455285963e-06
8.43672326206e-05
1.31306110346e-05
4.27515530553e-05
6.05107562998e-05
0.000139712858809
0.000332126502668
1.11673912373e-06
3.59791159653e-06
0.00171149673182
1.49927199917e-06
0.00546799189282
0.00163463628923
0.00428542512201
0.000251964112295
2.29655677693e-06
1.25210477219e-06
0.00132859127517
0.000974782716772
0.00130641193775
1.52488950493e-08
0.000266731260943
0.00126136265386
0.0
0.0
0.000119856287115
0.000516530181478
0.000326538104229
0.0
0.00292241930333
1.59849091534e-05
0.0
1.1634610558e-05
0.000114717238111
6.2870682409e-07
0.00014836213253
3.41974040885e-05
0.00251499533859
4.07697241303e-05
1.34104241357e-05
0.000578471995924
0.00548562139958
0.00103347629968
1.29500254215e-05
6.88279429104e-05
3.20993110102e-05
1.15794998824e-05
0.000130941270421
1.13473187629e-06
7.72210215086e-07
0.000993987294864
0.00012927949289
1.26905481708e-07
0.000105528385548
1.3809081109e-06
0.0
3.09075273276e-07
8.72768757926e-06
0.00132689780939
1.10936302524e-07
0.00625526827656
9.37394240932e-05
2.71663091658e-05
0.000207618886683
0.00371192110702
0.00507081619591
0.00101795337525
0.000646820678185
0.000177837116126
0.00136592254713
0.000672356760881
0.00104770823728
9.91021198972e-05
2.65004478968e-06
2.12133932113e-07
0.00297888096622
5.63763331661e-05
2.60513577776e-08
0.00016025328616
1.09333159976e-05
2.11658621843e-05
3.06119887568e-09
0.00102099697883
0.000128320315243
0.0126504056582
1.3809081109e-06
3.39001063701e-08
4.83589641514e-05
0.00031588282132
0.0047951361789
0.000906241313043
0.00026284074066
8.86618880383e-07
1.79858285996e-05
7.96588210228e-05
1.72063335894e-06
3.54153345175e-06
0.0414987448865
0.000665588695266
0.000156972577976
0.0001170006981
0.000180572044152
0.000907690317328
7.67788753345e-06
0.000759772960966
8.82205664743e-07
0.000154445905403
0.00019437211439
0.000230634794102
0.000204259910466
9.16136245261e-05
6.96290172208e-05
8.23460693592e-05
1.25727810966e-08
0.000281057467195
0.00153334523383
0.00212180338506
0.000147979077575
3.57833440062e-05
8.55339815349e-06
0.00027710165187
0.00063346271374
0.000211361283403
1.03643785228e-07
2.93580299078e-07
6.01860916631e-05
0.0
0.00043103618968
3.06119887568e-08
0.000201164228574
4.23005077925e-05
3.19761437919e-05
3.3899002183e-05
0.000182964685093
0.000158708554106
2.93106974209e-05
0.000711889549062
3.51123264651e-06
3.21527104276e-05
0.000307810478316
0.000864552973386
5.58226937964e-06
0.000907395518188
0.000942727664068
2.24024971626e-05
8.70593546848e-06
0.000168201796967
0.0
0.0
2.08197612528e-06
2.72075694739e-06
0.000288776992726
7.44875010345e-06
3.52306841082e-07
8.0031453138e-06
1.34621310283e-05
2.09559225274e-05
1.84179629229e-05
3.8936552634e-05
4.20902778127e-06
0.000459780266008
6.59126232783e-05
1.46191115547e-05
0.0
4.74237103263e-06
0.000125810253587
1.74155404227e-06
7.03035472346e-06
0.000212751888314
3.36570505396e-06
0.000549393799108
1.06095466034e-05
1.78992378241e-06
0.00016889128048
0.000112707745478
1.45172161319e-06
5.36629015311e-06
1.98788864314e-05
0.000250768499098
0.00170497844828
0.00172478108082
3.04616669484e-05
0.0
9.41005452845e-08
0.0016336547779
3.73748261799e-05
4.81246334877e-05
3.0296409183e-05
0.00184727519944
0.000309111107543
4.50459691681e-06
0.0
0.00444051514466
6.79088394018e-05
0.00101915057306
2.01472457342e-05
1.88584534097e-05
0.00047565644352
5.51331468356e-06
1.27849707045e-05
0.000369295379916
2.09054232831e-06
2.08188519065e-05
4.31705792946e-05
0.0
0.000413243420182
0.000475854278105
5.66750962207e-06
0.0
5.1981520375e-06
9.34539439714e-06
0.0
0.000348519203477
6.47340625589e-06
0.000221574719554
0.00054651569678
2.79024488833e-05
3.74286078891e-05
2.91051201526e-06
1.11930149706e-05
7.03298986146e-07
0.000106069837275
0.000740516055646
0.000362346585001
0.0
7.19671807798e-06
8.32068727824e-06
0.000264098353624
1.43233972243e-06
0.0
0.000162834574927
9.9574033333e-05
9.6758841491e-06
0.000187558860077
4.54178710729e-07
0.000104356225386
3.94923046127e-06
3.48267552642e-05
3.55270908258e-06
0.000620833627004
0.00351091476312
0.00123813020329
3.36570505396e-06
6.02180880588e-05
0.0059898884394
0.000163860449657
6.5059069279e-06
0.000281066696476
8.16582558611e-06
4.59688586921e-06
0.0012154449287
2.43097504396e-06
0.000170601242987
3.39836022809e-05
8.86623605468e-05
0.000106008750814
5.15400144906e-05
7.9243934155e-05
9.72952969624e-05
3.25324581472e-05
2.60849015631e-05
0.00020502066057
1.94244776859e-05
1.1570404096e-05
0.000220845114697
0.0
2.87017824284e-05
8.29241168625e-05
5.85473411977e-05
2.53630606387e-05
6.44496986318e-05
1.90683774824e-05
2.04079925046e-08
7.61026521635e-06
1.15129287454e-05
0.00820431677336
4.18979224494e-06
0.00174512293355
0.000293700764487
1.18141778957e-05
0.00035793107052
0.00279896190421
3.70104186629e-06
0.00384748070849
0.000257695468541
4.16603415962e-05
8.52415299066e-06
4.0721941622e-05
0.000225453193198
1.88130905738e-05
0.000369592396182
0.000127252889083
3.09598459304e-06
0.000165450786568
4.8334896603e-05
0.00121196792886
0.00895206688106
9.19985178735e-06
1.15974753653e-05
1.26885801141e-06
5.85175954748e-05
4.74335710215e-06
3.08007169757e-06
6.15471501185e-05
2.15723555662e-05
2.39518108393e-05
1.01116135481e-06
7.64318774715e-06
0.00047109036025
0.000169643563244
7.84251785386e-05
0.000154079327067
5.86591782391e-05
0.0
2.46772222501e-06
3.0450694958e-05
0.000188796400221
1.44954860313e-05
9.3536262309e-05
0.000138140737254
0.00131849938908
0.000104002347693
0.000215080992048
9.4815081255e-05
0.000468218302765
0.000389140997822
0.00011084398985
1.61101469549e-05
0.00266707932139
3.54665312552e-05
3.11010919882e-05
8.49758149947e-05
0.0013046576629
0.0278250898018
7.66689614314e-05
1.78992378241e-06
4.27682485667e-06
5.1981520375e-06
0.000106954306486
0.000130092101128
2.11465803243e-05
1.68112664981e-06
8.03706426192e-07
1.89479436116e-06
3.6115614912e-05
1.12354630038e-05
0.0668705502923
0.000169997665852
0.000529386412975
4.15164997698e-05
3.71289918006e-05
0.00263869734521
0.000573449651167
5.3104844155e-05
3.01943708604e-05
1.23601783941e-05
0.000125905558975
5.80280859905e-06
7.90923193843e-05
3.46429683645e-05
8.20783414379e-05
0.0
5.63664821059e-06
5.04596345842e-05
8.83915740948e-06
5.99381163987e-06
4.64011732031e-06
0.000720875644221
0.000390372348189
0.00112287676145
5.73935955928e-06
2.33967038469e-05
1.64707476985e-05
2.29009050217e-05
4.61825754124e-06
9.77013548447e-06
4.25675322987e-05
0.000142014220346
4.06082391477e-05
1.41409807623e-05
0.00532276468503
1.21602817618e-06
7.77663345654e-06
1.84755661968e-05
2.66943650735e-06
4.83611462314e-05
0.00542361231009
0.00240198343321
5.58777206655e-07
4.72700428275e-05
0.000598780212516
7.24652378447e-05
0.00659712800266
1.2249469811e-05
0.00031421991289
0.0
2.4971511149e-06
6.67791742074e-07
2.30452166581e-05
5.34126106089e-08
0.000117309248096
1.01978456571e-05
9.22127388281e-07
0.000549977234507
5.31164201764e-05
0.00685765990506
2.32009612114e-07
3.09213272426e-05
0.001123133995
1.07788273201e-05
1.20025778532e-05
0.000206036425975
0.000386660584666
5.67625269691e-06
0.000122628588091
0.00171091380351
9.2341111378e-08
0.000103500877964
4.07128956796e-06
0.00108895202917
7.78014277141e-06
0.0
2.20451756277e-05
1.14639040878e-05
0.000434569815446
8.39684540242e-06
0.000475493159501
2.40593147835e-05
8.73817427559e-05
3.74008245967e-07
4.37182028487e-05
0.000147945919987
0.00105436487093
3.61530272199e-06
1.2297137806e-05
0.00121892491467
0.000103613017364
0.000214683150617
0.000190072491315
0.000871033398501
3.92654024939e-05
0.00161524263205
5.27997328621e-06
3.87008551472e-05
1.82130911513e-05
0.000366150678452
0.00099330302654
0.000184127403688
3.79972183779e-05
1.04077077482e-05
2.21907861529e-05
5.18819675421e-06
0.000731019028574
1.38486516036e-05
0.000142719742133
2.24035886359e-05
4.79451228604e-05
9.10057234581e-06
6.50644256947e-05
6.91346444236e-05
0.000104315791511
3.98575247628e-05
5.14002333361e-05
3.83905832726e-05
0.000472546550863
1.62843872878e-05
1.0311463325e-05
2.03180147778e-05
2.84846177568e-06
0.000711095469269
1.29736026104e-06
0.00167807208051
2.36172304772e-05
0.000112083020856
0.00191105138406
0.00184300114646
0.000159303862998
1.21119135867e-05
0.000278448891534
1.36630732111e-05
3.83316783683e-05
3.23687295753e-06
4.89227003961e-06
1.82563117332e-05
4.07572055223e-06
2.72924747412e-06
9.1471854599e-06
4.54644475449e-05
3.08007169757e-06
3.36570505396e-06
5.37013339645e-05
8.74354845608e-06
1.72911279236e-05
3.77263642677e-05
0.000443816847914
2.116353472e-05
4.96425342145e-06
7.7142790773e-07
1.54645860649e-05
5.72779182183e-05
0.0
3.77630244309e-05
0.000202933141099
0.000181014118043
0.0
1.57337088697e-05
9.8170234922e-06
0.00140416794356
8.06491968607e-07
4.87170808536e-06
3.99394168732e-05
0.000154624408812
0.000152685604645
0.000117652955855
1.55485259183e-05
0.0
8.01853275626e-07
0.000512677814529
5.42498623523e-05
4.61297486988e-05
0.000376350908373
0.000179532316609
0.00018878372887
6.84378390845e-05
5.72957596771e-06
3.01860084392e-05
0.00415482921089
6.78418113189e-06
0.000190693435049
6.51530678776e-06
4.29641883305e-05
0.0005599242583
0.000294271411854
0.000106211040846
0.000563930388242
5.25894204061e-06
0.000222253158422
1.48872182371e-05
1.02396352191e-05
2.72126571292e-05
0.00282372115462
1.33866806293e-05
4.96597219335e-05
1.93930208046e-05
0.000127454978231
7.24192822359e-06
6.21513163953e-05
5.29800041307e-05
1.378747511e-05
5.54019085048e-07
0.000985736044122
0.00022889609979
9.22077665171e-05
6.18760265897e-05
0.00021423240989
0.000175074882802
0.000576064245261
3.80532852582e-06
0.000785213171039
6.46255911419e-06
4.60845078203e-05
5.55599052344e-05
1.90075978367e-06
3.36570505396e-06
6.91896814801e-06
5.85366470278e-06
7.1621113796e-06
1.8742827888e-05
0.000180510804542
0.000190088745894
0.00034401760439
9.10057234581e-06
4.25220216857e-06
0.0
0.000174209716833
6.59521941801e-07
1.15740708763e-05
1.88276057278e-06
3.36570505396e-06
0.00114353275621
2.29340015294e-05
2.32876913576e-06
0.000150108836818
4.91922883805e-05
8.45742046399e-05
0.0069429314118
7.81309436999e-06
1.83916964629e-05
1.22156949573e-06
8.77039526653e-05
0.00015555311459
5.83686348288e-05
0.000244040242679
3.8777694402e-06
0.000552108910735
1.55480864245e-05
3.12376974353e-05
1.26037572552e-06
2.91674820166e-06
3.38848967814e-05
9.93827139818e-06
2.97737562102e-05
1.13674091708e-06
6.6017832254e-05
0.00103241276039
1.21639290394e-06
0.000223523574515
0.0103632509136
0.000196514477471
0.000109602982208
1.58577216285e-05
6.39032151805e-05
6.71563495771e-07
4.78028819932e-06
0.00169956980738
1.22489383225e-07
0.0
5.27770894482e-05
1.22429460827e-05
9.27237862829e-05
0.000729148409133
1.13635804799e-05
8.08387487645e-05
5.90987827595e-06
0.0
4.36557752142e-05
5.64294455914e-05
0.00934544693455
0.000146260583124
0.000350905948004
3.04241807242e-05
4.84267708874e-05
4.36935847705e-06
3.19495849722e-05
3.3335535571e-06
1.52835658278e-05
0.000964188695704
0.000952711890764
9.61141234676e-06
0.00229797640488
8.53368385118e-05
8.30160987422e-08
0.00315341729461
0.011148598659
0.000117405998824
6.76727940005e-05
2.04414065669e-06
4.73739320209e-05
0.0427115500743
0.000649255280247
0.00379956852237
2.05296800275e-05
1.58006243439e-06
0.00290878888931
0.00018549152671
0.00547703476646
0.0415788684441
0.00548372043875
0.0114215577625
0.00472322639111
0.00615661221921
0.00969560340343
0.00210322726367
0.00149334139672
0.00375811423174
1.14532749884e-05
0.000152955287768
0.000776730625614
0.0197979920073
0.000519824991363
0.0018565482646
0.00212869239064
0.000264108529193
2.44882745038e-05
0.00324288234339
0.0292433759498
0.0132616249137
0.124469989177
0.0001901807725
0.0040846703513
0.00426302553424
0.000229450571153
5.81464034747e-05
0.00795375722318
0.0
0.00854533413312
0.0197550680098
0.000577468854063
0.0
0.000347125856787
0.00408445935352
0.0444461271435
5.38108272391e-05
0.0
0.00867791886216
0.000175079658212
0.000820237937789
0.000382845482444
0.0116338002532
0.00141298275791
0.000606932840367
0.0293125763862
0.000785709578474
0.0823000943765
0.000834195988408
1.61400226681e-06
0.00296142140374
0.0021388898026
0.072491838435
0.00242577455225
0.0
