0.261064505146
0.290873534948
0.268786230224
0.276091252887
0.238628787349
0.261981337195
0.256997118008
0.26181665537
0.241838677651
0.235536284214
0.236920740947
0.247295034932
0.269278592264
0.238310206027
0.258165286726
0.240454149476
0.274333385532
0.246623899685
0.212557623161
0.266422172229
0.23617067292
0.249131689314
0.224290071397
0.236461179496
0.237438477483
0.225810063749
0.297274724976
0.219117928585
0.234839071137
0.261296526088
0.244046872608
0.211881807241
0.234607583131
0.255421093163
0.245835421328
0.228295800074
0.290755087319
0.273462819446
0.247932930751
0.237675588521
0.243369525783
0.212892616221
0.25152634246
0.223948380277
0.2656574865
0.290755087319
0.243784994196
0.280791008484
0.2680510539
0.251779756738
0.250454998548
0.306067357686
0.29209747829
0.296270299408
0.287262483534
0.247650379101
0.199955190871
0.228201988449
0.222453264688
0.226198404735
0.257619707799
0.273852388966
0.246636069628
0.275194359157
0.234916335355
0.242237190472
0.225473900438
0.238651575754
0.285898635798
0.215072935626
0.283691676184
0.264071429757
0.219744117433
0.238253405997
0.242884631695
0.233675251345
0.284807108725
0.273657465561
0.247368470726
0.208923627932
0.257473725068
0.239108259629
0.235903145845
0.227754839417
0.255408040831
0.20698554483
0.286406506849
0.280082933652
0.278258543092
0.25492604055
0.239108259629
0.284304889136
0.235903145845
0.2158158794
0.20760456702
0.224259880245
0.274197934552
0.248425863662
0.273852388966
0.239911676236
0.256904649243
0.24826544561
0.284953246922
0.273567594473
0.213119561275
0.215248921232
0.209598253418
0.247834578818
0.24992899045
0.275923592305
0.313339599462
0.277516932316
0.225799862255
0.207544221868
0.249953988348
0.26214622632
0.246867526969
0.253928768532
0.236237649526
0.223377874906
0.226331565051
0.260982713749
0.22397848761
0.264280877274
0.263042995159
0.254822063374
0.256838640854
0.256640819051
0.27059065297
0.251450417619
0.24308545066
0.246307902179
0.262614541352
0.275437008212
0.234420522068
0.247319508685
0.272419466453
0.221487190952
0.252709068208
0.27059065297
0.245750808881
0.249131689314
0.231596309301
0.243215569392
0.230538743128
0.248376482185
0.245726644593
0.235825231245
0.24238991033
0.238526293358
0.221281265817
0.237393367104
0.229902481647
0.265897747035
0.263695259629
0.259034980618
0.270883960274
0.228201988449
0.270928011222
0.258739967439
0.271295660371
0.267091324267
0.259236511982
0.263098381377
0.231050293594
0.256219816016
0.283611187143
0.23467367598
0.185429990021
0.255839473332
0.233675251345
0.250630826949
0.239108259629
0.247026142985
0.236629104773
0.260696847017
0.236237649526
0.283659475086
0.260900973587
0.22379796494
0.252199008528
0.245172174581
0.245617964078
0.24753999064
0.269933028247
0.246380752786
0.24753999064
0.253413778381
0.225311272191
0.266535833565
0.233751751521
0.269933028247
0.218209122507
0.234178885396
0.239108259629
0.228201988449
0.246928509017
0.248327120337
0.254032017841
0.230336879626
0.273852388966
0.251021041184
0.252402785123
0.226331565051
0.260262442773
0.215072935626
0.235104188862
0.291671332342
0.281265050704
0.241674964993
0.218447550307
0.257686118324
0.243761214934
0.252288120287
0.268887451636
0.237619090568
0.20760456702
0.271222050739
0.236047981062
0.243523677208
0.234805973457
0.250417353125
0.183167074102
0.227775598187
0.272642371319
0.290248545355
0.292524871299
0.259667495377
0.20992397627
0.294698110319
0.26742000808
0.252084528724
0.257142560633
0.194092654694
0.261789228526
0.25868640086
0.254044929908
0.258512462554
0.25316988912
0.285311105778
0.219666854965
0.287742081233
0.243274760332
0.222453264688
0.222453264688
0.258780156934
0.244058789541
0.182358433706
0.254627334608
0.252709068208
0.263695259629
0.265770496172
0.253131423196
0.259991674522
0.298820994321
0.251463068576
0.264869101803
0.24980407592
0.292850527393
0.271531479927
0.262270029439
0.30031123902
0.268959799334
0.306705937102
0.267091324267
0.239555212376
0.27098676811
0.28312921039
0.295761876502
0.270898642331
0.267663468699
0.278755156219
0.256588118025
0.260696847017
0.260208244014
0.299734929596
0.274800964978
0.24752773133
0.275771350199
0.263876244708
0.247026142985
0.31420632118
0.283562915637
0.272791177329
0.294941576243
0.230709008079
0.251425119524
0.259870012531
0.2594518247
0.254187049332
0.305636883203
0.299555286246
0.246818763013
0.293555735406
0.262352629836
0.283579004313
0.265558681846
0.297009742751
0.287361579429
0.240894541691
0.312282408686
0.237280666113
0.294559167316
0.285800546147
0.240650967837
0.26949638472
0.27123676947
0.222969305452
0.254666256548
0.272152461259
0.289006589049
0.259546136523
0.255865667606
0.291348292102
0.277701964164
0.269409225475
0.258833762352
0.255173326748
0.259991674522
0.294437699618
0.262559358637
0.304315632673
0.306405097536
0.294680735276
0.274544353255
0.271531479927
0.296745232501
0.240824898864
0.272374929211
0.287361579429
0.311426254035
0.262655943613
0.283145249888
0.277995436399
0.300690647998
0.250517766078
0.245003919167
0.258045327638
0.3082190399
0.240894541691
0.247920632491
0.269409225475
0.293417867266
0.297327778169
0.283000959799
0.286982082626
0.301234326845
0.279222343632
0.280727923557
0.290653637533
0.27647305847
0.155109082054
0.290890463917
0.209844653246
0.312106903398
0.292080408545
0.26180294123
0.301543285129
0.232988996411
0.304668086011
0.238264763837
0.22040304939
0.287212961212
0.301434168688
0.254679233173
0.293555735406
0.28890635555
0.26436474934
0.297239366697
0.301089153676
0.296252738487
0.285709952366
0.269192345745
0.263847166087
0.289082331599
0.280308008136
0.310381433622
0.295476369804
0.3043685615
0.252308349511
0.296264820744
0.224821578411
0.276706354509
0.269875759575
0.277336105302
0.270226076966
0.281143995105
0.271887784992
0.258429107589
0.253100807346
0.28512297763
0.269919499569
0.245236829972
0.254415415878
0.283698253195
0.242428547577
0.265149389005
0.253807972417
0.280654417314
0.245453693786
0.269424608338
0.271459382614
0.303979674922
0.24988546249
0.253872456149
0.250198304222
0.252627291147
0.268224079939
0.243349565877
0.232004176318
0.270357680575
0.285383557264
0.259354751714
0.272406626521
0.229753055137
0.233043049443
0.2805598572
0.258242101464
0.260803358408
0.260640092703
0.274622653604
0.220456688745
0.242558012284
0.29005572929
0.262999944045
0.266977126056
0.274471786904
0.282975189002
0.249075723467
0.268946005115
0.235837145953
0.249935464583
0.280009524016
0.255142985243
0.29029167027
0.33658110597
0.240874068895
0.275911748234
0.282766989474
0.246458659087
0.280859516388
0.271415142167
0.269018411427
0.237620562019
0.244852239011
0.272674231131
0.286037094923
0.260626496454
0.291086572886
0.260912315892
0.246130840781
0.259799799127
0.280056610819
0.2805598572
0.247582256542
0.277860515935
0.281413199111
0.294518388176
0.258951484245
0.256045197408
0.271710351154
0.266365087009
0.239144645655
0.248037032072
0.23994860902
0.224791232656
0.268555683564
0.253036714967
0.271946981114
0.253807972417
0.239075985119
0.246653334174
0.262764801568
0.256071443648
0.231498931379
0.274758575507
0.263582692536
0.255717572782
0.266948596763
0.267649324317
0.284684326896
0.278278374569
0.244792255611
0.256689783036
0.25944902825
0.300722880524
0.289400482914
0.238164264325
0.256071443648
0.257935463966
0.277443910319
0.242111355738
0.281080727821
0.250023016415
0.254947692862
0.256321051561
0.268353740306
0.288265055217
0.289216204748
0.244840239979
0.266067202951
0.321796337564
0.250625028193
0.279336348933
0.247619068098
0.257099260897
0.268685664803
0.234332814456
0.24198236727
0.254973714571
0.278884171757
0.230261311504
0.244828242124
0.278247378983
0.2385167297
0.27969601618
0.238687652256
0.251495516814
0.277999662643
0.272555230867
0.259381680875
0.273719932998
0.284830393764
0.247422866192
0.293497617166
0.260680889962
0.29693390806
0.289904255368
0.275091396158
0.302379104098
0.277598062952
0.272763549545
0.266194785925
0.264391699054
0.26810893142
0.270021614712
0.207501035677
0.251710914254
0.251204682841
0.270357680575
0.271459382614
0.262723349478
0.290781628275
0.274155505763
0.269657272076
0.269497272616
0.255456076133
0.280308008136
0.309804051406
0.272006203017
0.260178614645
0.266977126056
0.286250139625
0.287800111579
0.257496775603
0.269221356667
0.274622653604
0.26910535048
0.2962472539
0.261732408037
0.274110382236
0.264840176889
0.275592141708
0.251748963873
0.23419002236
0.251596834375
0.278557645909
0.299048897888
0.224791232656
0.270621272723
0.247263680937
0.268541248966
0.2962472539
0.297730167274
0.255573683412
0.289484323369
0.211712781771
0.270343051622
0.279946766236
0.222945557207
0.29152817931
0.268931528529
0.278278374569
0.274849264882
0.27206545072
0.23763186383
0.251103680807
0.270357680575
0.258188720842
0.238904506145
0.259759277166
0.275835584222
0.271872989989
0.265586324528
0.257828978069
0.214300846574
0.253049530846
0.249498623571
0.267993881726
0.263721823015
0.238266485623
0.261294385075
0.278868605549
0.29774791043
0.253036714967
0.244098589848
0.286168161809
0.248864810571
0.26117145515
0.28303931209
0.275607344275
0.215465324177
0.216136439566
0.237937419612
0.249910461035
0.277443910319
0.27854211613
0.267606316927
0.259799799127
0.259018608379
0.279336348933
0.248357604862
0.286020720003
0.267506020079
0.26117145515
0.268859168973
0.242770162149
0.239914042594
0.262833917461
0.28766754589
0.245200723254
0.294935651536
0.248012406901
0.258482587667
0.268786848344
0.280607129291
0.262350868358
0.251825097632
0.270621272723
0.228481727581
0.295686212761
0.290038891038
0.275000546952
0.315875952268
0.30005464759
0.268974962962
0.297943224821
0.270870693251
0.303665589073
0.295861309707
0.292022323749
0.282943138352
0.303131290925
0.293532103697
0.274245797399
0.296475785487
0.271710351154
0.290173651819
0.291937006954
0.273824944482
0.272198852466
0.267864568787
0.269832033756
0.288982008041
0.252947040149
0.317784628992
0.271120573965
0.265897282438
0.300325194579
0.256373662614
0.266407696332
0.292569534287
0.252397571964
0.169558472036
0.000174947515745
0.36341358285
0.268989444224
0.246300711709
0.290308537886
0.293911991118
0.274909757732
0.295249375784
0.272362076811
0.282959162769
0.270885379366
0.293015655212
0.289736136454
0.233751751521
0.241912067836
0.253885356828
0.245417523186
0.20683957512
0.248641880015
0.227711131535
0.243053606588
0.237068087166
0.293549350001
0.277013192339
0.263916852624
0.229352274009
0.206241896265
0.229057855172
0.25234657998
0.253062348023
0.223454087259
0.270489412431
0.241502800513
0.265346536567
0.248852415053
0.284716773252
0.242158294737
0.282447280062
0.228304237663
0.242675827522
0.233817387543
0.238471191686
0.233729881036
0.234486785424
0.230197656516
0.235603599784
0.247655890603
0.245164627166
0.253588972542
0.263958682218
0.287270580555
0.250775984391
0.279711674897
0.27537948173
0.239971658839
0.242947237395
0.244996319179
0.267936393898
0.276339045189
0.221473023495
0.281682919153
0.252793459675
0.216024296827
0.265755847714
0.264517679851
0.28771724371
0.258951484245
0.29323922626
0.300090692355
0.244900246901
0.262681910464
0.22359408982
0.242099623832
0.281682919153
0.238232402108
0.263249377576
0.236607782583
0.29008941166
0.206617176172
0.253563232695
0.226021711695
0.263110745011
0.260354869047
0.23972985639
0.296951556435
0.229057855172
0.247312639195
0.267362869215
0.207785815638
0.237079336482
0.267162715203
0.273555077585
0.273181143694
0.2415378263
0.240445157949
0.243777015712
0.298709191499
0.26717700198
0.264601733769
0.226616316824
0.225868441999
0.245900676101
0.0
0.228554891904
0.288265055217
0.286118997653
0.293773736521
0.291851739998
0.197846193998
0.197846193998
0.207079617732
0.290005220398
0.197846193998
0.197846193998
0.227090129404
0.198246565234
0.197846193998
0.19805010255
0.163296180449
0.198246565234
0.206207847498
0.198246565234
0.197846193998
0.198238699243
0.175410242496
0.197846193998
0.19777570806
0.197846193998
0.249897961137
0.197846193998
0.000174947515745
0.305447816655
0.259570341699
0.28161940911
0.28254311695
0.266791794576
0.224045288656
0.264377708595
0.254778681133
0.277443910319
0.212731411778
0.285857073865
0.240006241871
0.218614244203
0.237338365732
0.233217100174
0.246580294987
0.225888865947
0.271725128461
0.241888643768
0.000174947515745
0.266549825919
0.250864126181
0.231788909163
0.261075922925
0.223944864949
0.247705004314
0.255953377921
0.257775768085
0.256202755603
0.282734985967
0.259732269548
0.228921417504
0.227317436508
0.216052321601
0.255612909906
0.262847745003
0.231552576216
0.247239209077
0.281444904068
0.2485182022
0.246921515124
0.264377708595
0.257099260897
0.253447468017
0.221090801709
0.226001263718
0.254441329039
0.220330302391
0.226298121977
0.244528677419
0.24884002077
0.251027982566
0.235115761742
0.281112357903
0.228722300724
0.278386913524
0.244972294044
0.233217100174
0.274955144847
0.248110936933
0.239201892901
0.263833233195
0.237801520087
0.215660635258
0.223124773893
0.261021364454
0.261417430777
0.240804411848
0.26616642358
0.220408061453
0.214402005622
0.245092466864
0.275607344275
0.232036500883
0.26065369037
0.235748121409
0.248073978998
0.262820091374
0.286973574786
0.256137082796
0.2364957842
0.230558834196
0.256967028597
0.246458659087
0.219045549433
0.220631924797
0.268917053502
0.256360507826
0.242369745659
0.211479785694
0.280150831951
0.260504194015
0.211793553922
0.230729192621
0.246945924131
0.23022947961
0.248641880015
0.255103902835
0.235848278749
0.298977316559
0.265854836217
0.183772021077
0.215400299074
0.263624416263
0.23022947961
0.276537883269
0.211829472442
0.215400299074
0.273465240121
0.278759690734
0.213686751508
0.257948780888
0.25160950481
0.257496775603
0.260232821346
0.252474098591
0.254739710244
0.245032365719
0.222766628189
0.278169920217
0.245200723254
0.256242175455
0.222766628189
0.245200723254
0.25917984837
0.2265135756
0.283505075017
0.263680068451
0.241607908362
0.239030233328
0.276171020785
0.249212387122
0.293256438165
0.299748616332
0.222786495007
0.222766628189
0.235215382375
0.297004514149
0.231381000186
0.298923653046
0.272139546654
0.31683746192
0.244576558499
0.274622653604
0.232414287436
0.228158276419
0.224508400154
0.236160424325
0.246714233224
0.222766628189
0.309861692943
0.238721866167
0.252742307619
0.231788909163
0.239190441259
0.279055514802
0.292227287654
0.250637600934
0.252333835203
0.281905430064
0.286891182143
0.273225961775
0.283183695348
0.280370928003
0.284700549149
0.242158294737
0.222766628189
0.25719190451
0.242593344842
0.227950083813
0.287468926181
0.222766628189
0.235292923473
0.225084918548
0.294310198929
0.274803912712
0.270313798464
0.264755971439
0.234960963931
0.296194565865
0.249685654024
0.21676471591
0.242664040848
0.258482587667
0.227950083813
0.252831837307
0.249026064747
0.287733813466
0.252908627538
0.322169843759
0.241607908362
0.249685654024
0.223134738824
0.322169843759
0.255195113751
0.263166180512
0.286611400701
0.224175974201
0.243349565877
0.248604763747
0.258469215573
0.257178665621
0.243884112907
0.296212126461
0.256702971639
0.274652846848
0.244229844895
0.223314259912
0.240827626387
0.283907826856
0.269076364553
0.272599843792
0.264363719616
0.326229835914
0.0
0.228628103099
0.254324761365
0.252002922275
0.241397784076
0.201932339222
0.265177535004
0.335676561208
0.26520568698
0.277182243385
0.306515947056
0.252908627538
0.257536594692
0.225766377633
0.192539594475
0.266763304876
0.267520343597
0.264433679317
0.207630384284
0.282447280062
0.272006203017
0.268526815921
0.330000656342
0.277136118095
0.278837478347
0.295371559977
0.216295507902
0.185725807108
0.284101554476
0.264237885393
0.227680000776
0.26166387017
0.279133467625
0.000174947515745
0.286282943904
0.273076625329
0.283843309682
0.266606720225
0.251850485786
0.237113090837
0.27540984163
0.276890375583
0.25535162716
0.209432006079
0.252563438329
0.203918612996
0.304944454164
0.247080259978
0.267922025795
0.266010538655
0.253704866553
0.271047031792
0.27540984163
0.226760311216
0.263652239421
0.0
0.21182049167
0.268570119713
0.24103675883
0.282112362339
0.246860513712
0.295249375784
0.274035209358
0.305223894986
0.272406626521
0.293566598332
0.309535340872
0.292483897496
0.278899739702
0.295319182942
0.29774791043
0.267692345533
0.268180887655
0.270196849117
0.310980327214
0.311193393773
0.269424608338
0.299640754289
0.32041364311
0.272050636375
0.273255848667
0.265346536567
0.313792861262
0.285758976036
0.293601101077
0.26997784162
0.302818954908
0.281049104856
0.293015655212
0.293222016375
0.307232193889
0.28007230994
0.249548470956
0.276308480092
0.295423955595
0.311756516724
0.309171406994
0.291971127689
0.296563776163
0.282750986815
0.303020981139
0.294570481518
0.294240867905
0.3210519173
0.206216358635
0.291018752156
0.296687050892
0.313300930396
0.298192177679
0.280780596663
0.293084409985
0.269468202202
0.317966647809
0.292809584306
0.259247090962
0.287039522982
0.274577376183
0.303131290925
0.280591370157
0.303850266802
0.248703765096
0.295493845341
0.300867754849
0.29462259329
0.000174947515745
0.294535750576
0.302782251804
0.304294411171
0.000349895031491
0.267477377644
0.29481382764
0.301248714924
0.264559700133
0.33658110597
0.292706657509
0.281001683747
0.246958130444
0.295109860426
0.000393631910427
0.257576426098
0.244744290047
0.301049044168
0.304294411171
0.27857317742
0.267434425491
0.288664775654
0.282879058828
0.245417523186
0.288748190315
0.293376978099
0.271017626093
0.307705237237
0.256623860343
0.305634669176
0.299066798576
0.252206458204
0.310651615807
0.262654291716
0.251293126296
0.216145790051
0.269526349302
0.294431606872
0.29342866841
0.265671059078
0.265939742216
0.273674952729
0.254908670256
0.234983065423
0.278962028868
0.270885379366
0.243325862612
0.246033876841
0.261499525647
0.23471812163
0.258482587667
0.291783562286
0.275896512067
0.254804668351
0.243029960941
0.260626496454
0.254843659119
0.253498905932
0.260803358408
0.270138412383
0.0
0.212541367976
0.311309735
0.274441633453
0.301103473574
0.26964271882
0.277659771981
0.289853799212
0.253421756887
0.290207361583
0.295913879236
0.284668106491
0.227638506334
0.182330119591
0.26997784162
0.251027982566
0.271429887381
0.284036949234
0.256045197408
0.272347230145
0.254441329039
0.306478342352
0.264405690994
0.251584165216
0.273255848667
0.26813770928
0.254053185041
0.23864204896
0.211122329897
0.227773418601
0.309401160331
0.273600018456
0.259502931336
0.242935424342
0.266977126056
0.253036714967
0.225034228314
0.245864373654
0.291954066325
0.269730061924
0.269090856736
0.283151597451
0.287733813466
0.272228515067
0.238733272984
0.225044364534
0.141439529414
0.261554284212
0.28418235237
0.283859436226
0.28413386812
0.000393631910427
0.285155524058
0.290106255779
0.245670941487
0.275455394036
0.209774948021
0.260327737444
0.285742632944
0.302159657516
0.28437645495
0.281587664827
0.307421236587
0.287270580555
0.25712572369
0.299120513502
0.229331218995
0.286069850388
0.263388156309
0.290900141893
0.314880565767
0.287270580555
0.270386943231
0.27712074641
0.284344086109
0.271503637486
0.257364134189
0.275136843274
0.291273242991
0.268094544807
0.246689869996
0.250864126181
0.255051811579
0.171832780885
0.270386943231
0.299281774112
0.268324916059
0.249897961137
0.279086690706
0.267979507456
0.268656769211
0.269351983235
0.262116884582
0.286282943904
0.254040267302
0.279946766236
0.248629506694
0.270944139752
0.289752939571
0.238039446235
0.248926806687
0.227960484419
0.260124430521
0.292244380967
0.258777124205
0.254596918927
0.288298322967
0.275896512067
0.260789745121
0.265487535842
0.239971658839
0.259381680875
0.24626429106
0.283408584549
0.283280032716
0.241211313524
0.219189696281
0.24198236727
0.253370350272
0.28348898871
0.273166207601
0.286282943904
0.257935463966
0.312165569323
0.273345548584
0.25269117626
0.239282085106
0.267979507456
0.256676595788
0.276752336843
0.272525497028
0.268209680965
0.216990659588
0.250386385538
0.279492612274
0.236048848957
0.229278598367
0.243160068965
0.251078442988
0.250524491652
0.251318407295
0.261485839589
0.258643160792
0.286710084759
0.275698594913
0.22883753662
0.266749062307
0.241211313524
0.247791000199
0.278806358093
0.239236254406
0.226606038508
0.256531625437
0.28569361488
0.279915397894
0.251318407295
0.266777548965
0.248914404993
0.289568212416
0.237428595591
0.249960473135
0.299120513502
0.226236639061
0.285987975788
0.232739084969
0.240410448322
0.238198328344
0.258402375848
0.233751751521
0.292655221241
0.178086256889
0.273734929707
0.269250373842
0.240410448322
0.268656769211
0.224791232656
0.273555077585
0.269206850424
0.240874068895
0.228575804603
0.271784253768
0.290561787556
0.264615747949
0.247569988455
0.267634986984
0.309573699549
0.273734929707
0.289820171531
0.261376402669
0.257975418858
0.253036714967
0.267749728672
0.261526902063
0.25776246902
0.248567658558
0.302324212575
0.266578270036
0.272109903438
0.259705267544
0.239282085106
0.229774187685
0.299281774112
0.234508797795
0.230049264988
0.241257904149
0.251381632051
0.249560935915
0.270284551637
0.267721034027
0.240237050393
0.247963171225
0.251293126296
0.21048194536
0.242463842425
0.230197656516
0.284603243351
0.250398934347
0.259921440902
0.25419536693
0.24197064786
0.241818398772
0.265177535004
0.251875879059
0.188018286871
0.274683046733
0.287468926181
0.277582639981
0.291273242991
0.257324368408
0.242970866946
0.242099623832
0.239431156228
0.250738228296
0.245501937842
0.248815235907
0.292569534287
0.225848021744
0.23107066585
0.239144645655
0.275668171321
0.26813770928
0.272912543673
0.257576426098
0.251002759961
0.232663217706
0.254415415878
0.291324194578
0.255914046869
0.242722985669
0.262516285047
0.253833761978
0.263610506886
0.247386112944
0.275364304289
0.241257904149
0.248790455981
0.243183739938
0.249648225504
0.220378895374
0.238346051761
0.273181143694
0.253924066732
0.276094713584
0.263304871516
0.253357501877
0.292552402917
0.250851530703
0.266649406896
0.252665618338
0.247141370054
0.239706852997
0.26739148713
0.258242101464
0.225399708428
0.20744072813
0.28766754589
0.257364134189
0.275364304289
0.239821914128
0.292501020843
0.244122443908
0.224771006704
0.24682392733
0.265741712516
0.264181997516
0.240885682321
0.244684359519
0.271267778099
0.23889308296
0.299497058927
0.253036714967
0.265883132192
0.302488946965
0.219151238574
0.266279909237
0.254001521963
0.248939209617
0.279289503998
0.249860468945
0.270944139752
0.252934234649
0.266877300199
0.234124176992
0.265233844934
0.219103185415
0.281492474901
0.261472154962
0.288198542745
0.263582692536
0.260599308211
0.228575804603
0.265656932898
0.260097346922
0.215548985591
0.287684109922
0.230208263236
0.238346051761
0.242534462962
0.245333166561
0.268656769211
0.274366278804
0.239270625785
0.268656769211
0.256005838134
0.28348898871
0.256742545582
0.286775911894
0.261951970693
0.267878930729
0.266322491312
0.265487535842
0.28067018353
0.261924505217
0.304981683373
0.250235897877
0.261732408037
0.253049530846
0.297198854144
0.264685841122
0.276247370177
0.29577373532
0.250235897877
0.27008000092
0.263610506886
0.274426559212
0.312263121064
0.242699404305
0.27282312767
0.298852131656
0.242099623832
0.257749171328
0.252333835203
0.325570828686
0.254921676464
0.268224079939
0.271223600077
0.302763903589
0.292158934391
0.260178614645
0.279727335369
0.265431118154
0.284489803953
0.27206545072
0.283247912978
0.270914756372
0.263290995838
0.308027739644
0.261526902063
0.238221043104
0.302324212575
0.279852682295
0.273945056312
0.277274540042
0.278200898548
0.297022170918
0.265968056269
0.274607559471
0.261485839589
0.271164718427
0.257775768085
0.246482976666
0.26974462461
0.245116515578
0.179133409954
0.276706354509
0.279633398837
0.0
0.22261773992
0.253743521433
0.254532066688
0.2544542876
0.261526902063
0.309516165098
0.262792443563
0.237068087166
0.296986859479
0.300722880524
0.307062254134
0.282192032591
0.253396050972
0.272198852466
0.284036949234
0.276171020785
0.286710084759
0.286496355125
0.26642190247
0.261746119919
0.287982589026
0.265431118154
0.266677872272
0.274985411251
0.250248431606
0.26320777247
0.244540645931
0.269759188868
0.268757930985
0.284441214746
0.269410080184
0.240618856531
0.284101554476
0.266279909237
0.264770001962
0.307232193889
0.268700114931
0.269657272076
0.250248431606
0.266123891393
0.266095544153
0.262530079188
0.258669942377
0.250775984391
0.310304325012
0.248369951134
0.288181919422
0.299622784829
0.299658725905
0.24400322021
0.254960703053
0.299174247726
0.238221043104
0.289568212416
0.288265055217
0.275500961512
0.27417055024
0.292792424814
0.297464273459
0.286135383828
0.287039522982
0.28593887352
0.274306024872
0.293549350001
0.280197966296
0.32375647596
0.229068357114
0.269148841083
0.27273377024
0.285253207937
0.29474425916
0.212985332808
0.288248424221
0.258884394892
0.288231795144
0.265135318246
0.260953198424
0.291273242991
0.293566598332
0.285350958765
0.294015767494
0.24281735697
0.303776368761
0.291596237716
0.278837478347
0.305896647096
0.289971557575
0.252767881059
0.252372073396
0.252601746146
0.271858196595
0.269628167135
0.245803893389
0.297730167274
0.266834540537
0.279711674897
0.293376978099
0.259166404037
0.287188017303
0.307251087696
0.289551430717
0.304498411569
0.283135551231
0.314702062045
0.25446724748
0.267878930729
0.295406488324
0.266677872272
0.197416229533
0.273255848667
0.292312774223
0.24832057341
0.266265718238
0.28188952477
0.269293911336
0.267749728672
0.260721699996
0.296775167034
0.293463138738
0.294379562634
0.267105583374
0.282607044347
0.268339327409
0.271488884259
0.248061662133
0.265741712516
0.235814883514
0.299228001259
0.255090878026
0.266208969364
0.269613617021
0.292878242395
0.289904255368
0.265826546263
0.298263383501
0.290680122005
0.277736946857
0.249573402119
0.269148841083
0.241339481066
0.249286994163
0.296651819084
0.277814164647
0.256914173755
0.266820290361
0.292381199498
0.289635358668
0.238699055803
0.263554884054
0.288248424221
0.223704214965
0.289904255368
0.264770001962
0.218318109549
0.267606316927
0.265741712516
0.290680122005
0.290376027956
0.290934020673
0.301212391452
0.309286240994
0.266109717018
0.234817405509
0.29171541642
0.243515618122
0.288148678529
0.290934020673
0.305990319514
0.316155789218
0.288132060958
0.317986884994
0.304646947379
0.267864568787
0.267993881726
0.28254311695
0.269410080184
0.280985880267
0.296036614151
0.307251087696
0.251091061263
0.289921077991
0.256623860343
0.288498090831
0.286874709291
0.261759833238
0.290392905377
0.292056464431
0.296282389671
0.298459374971
0.226175189544
0.29310160372
0.329174458889
0.271577427679
0.269671826902
0.292655221241
0.285139249915
0.223364178157
0.239580413207
0.252998275117
0.310130970641
0.288915164345
0.304424197966
0.281033296041
0.26789329421
0.250286040328
0.301648852081
0.282511164095
0.311814887163
0.289132519503
0.281969069192
0.293514859418
0.247043608436
0.290190505722
0.280875305657
0.294327536791
0.288082219744
0.268642323746
0.272362076811
0.278744138419
0.301303216561
0.217785185346
0.26305533286
0.290527995407
0.249635751825
0.26592558745
0.299820567512
0.295563768162
0.228868984747
0.290106255779
0.235603599784
0.297181176363
0.251280487704
0.28923294761
0.294831224892
0.294466313256
0.248431700911
0.277382297192
0.238380167805
0.271695575454
0.301667065392
0.271917379831
0.288848351565
0.257882210025
0.285367257084
0.253460325539
0.290798552879
0.286168161809
0.28572629172
0.249162673899
0.265953898489
0.287502010417
0.298548547178
0.289551430717
0.261349057751
0.247031393672
0.296229689139
0.267348562555
0.290156799873
0.28512297763
0.279727335369
0.300216917259
0.291477156351
0.289904255368
0.268526815921
0.273465240121
0.307194413245
0.271946981114
0.206942382348
0.311057772196
0.271267778099
0.270196849117
0.23694441511
0.25163484951
0.2962472539
0.244337340425
0.245284988807
0.289937902566
0.29061249052
0.304963067632
0.314128257593
0.268613437474
0.273031856223
0.270021614712
0.289921077991
0.288248424221
0.291273242991
0.278495537181
0.282271747854
0.310053986411
0.265755847714
0.246397886128
0.27016762759
0.268094544807
0.267034202941
0.311309735
0.288248424221
0.288464776964
0.289182724838
0.267678003591
0.247031393672
0.256084568786
0.29323922626
0.245634706835
0.254882661821
0.291988191048
0.264699864213
0.301904038735
0.274381346423
0.268368154752
0.293290868038
0.289836984396
0.273480208934
0.277582639981
0.280654417314
0.308084722021
0.320619260542
0.267134146234
0.278169920217
0.308274815636
0.303260087224
0.287452386918
0.264727914853
0.247043608436
0.292364090176
0.293773736521
0.250210834186
0.289971557575
0.290139949885
0.270885379366
0.277860515935
0.236283279121
0.314464371665
0.303260087224
0.257403912263
0.241188024959
0.289921077991
0.374023801244
0.27339042063
0.290038891038
0.284457409304
0.28843147079
0.293308086006
0.288049001846
0.290680122005
0.283199747025
0.288115445304
0.260192164203
0.292878242395
0.271311970514
0.221492660239
0.268094544807
0.288049001846
0.273121409119
0.288948582327
0.291103533008
0.280166541637
0.289752939571
0.289266439151
0.258108691275
0.272570100219
0.288049001846
0.288364881509
0.278324880899
0.250210834186
0.290139949885
0.288531412394
0.280260836766
0.253241924934
0.289870615979
0.287932799505
0.27282312767
0.291086572886
0.29310160372
0.302196209824
0.254441329039
0.295668714464
0.249361645888
0.27969601618
0.294466313256
0.277028552094
0.260314173762
0.288115445304
0.289921077991
0.266791794576
0.272510632542
0.309114021965
0.276629751233
0.235748121409
0.248716145809
0.232869258309
0.297110486264
0.254169503842
0.271518392317
0.289032161114
0.277182243385
0.248394647361
0.261540592421
0.282431313568
0.27818540852
0.297216534028
0.267262754735
0.300126745781
0.306685282488
0.275242944966
0.306835960021
0.305279844618
0.229985727169
0.29149416202
0.285155524058
0.267721034027
0.2696863833
0.278278374569
0.289350201947
0.221541767339
0.292483897496
0.29382556675
0.263888973592
0.279555166574
0.26673482126
0.250223365404
0.27374992806
0.260151519761
0.257749171328
0.304646947379
0.257802370331
0.276232096921
0.246933719024
0.289820171531
0.293929282093
0.313773154369
0.249847974047
0.277860515935
0.26616642358
0.195385786126
0.262447336083
0.268497954483
0.251027982566
0.291954066325
0.295703713128
0.304646947379
0.245321120349
0.300144775743
0.29693390806
0.269351983235
0.286677182523
0.265741712516
0.294987892603
0.268642323746
0.272495769677
0.237824159226
0.281460759226
0.243361419241
0.257417174353
0.282655008883
0.293273652091
0.238687652256
0.287535102269
0.290460434685
0.291341182402
0.283007246914
0.295371559977
0.299174247726
0.288714818666
0.222488864313
0.265755847714
0.291188363272
0.290106255779
0.292124769749
0.268512384426
0.264391699054
0.268497954483
0.238198328344
0.29781890421
0.29526682448
0.289299938449
0.275000546952
0.28694061205
0.299443208692
0.290443549414
0.278262875913
0.307610512069
0.275972709734
0.271577427679
0.281413199111
0.258308858289
0.304851420893
0.265939742216
0.304851420893
0.266081372798
0.256887754487
0.29152817931
0.268685664803
0.265177535004
0.29076470564
0.29181764716
0.292689510077
0.287965990606
0.288065609837
0.267405798385
0.290005220398
0.215576887169
0.227162405066
0.270182237563
0.303241681052
0.251901277454
0.262999944045
0.296651819084
0.303702506657
0.288314959722
0.242982683446
0.259637787092
0.297304965012
0.274351212839
0.242428547577
0.228293805667
0.29481382764
0.300469685892
0.276308480092
0.282879058828
0.2319395542
0.245200723254
0.288281688132
0.29781890421
0.293032840881
0.261609065715
0.300813410622
0.289199463824
0.239213345639
0.295423955595
0.288231795144
0.272629593857
0.289551430717
0.290376027956
0.310825552882
0.268281691297
0.276706354509
0.264840176889
0.275485770678
0.271872989989
0.288848351565
0.269206850424
0.308312862513
0.265417017479
0.275881277582
0.289551430717
0.299497058927
0.269628167135
0.291171393264
0.248123258692
0.268772388887
0.288065609837
0.269366505123
0.28928318783
0.246994756625
0.299964573548
0.259381680875
0.265755847714
0.288314959722
0.294831224892
0.237914758906
0.248864810571
0.234806369819
0.278899739702
0.288982008041
0.263374271851
0.294327536791
0.232435912399
0.276232096921
0.292672364655
0.268844701734
0.2767370077
0.274381346423
0.288132060958
0.268267286137
0.289115788266
0.317139135268
0.276003200587
0.288298322967
0.276752336843
0.297322657523
0.275485770678
0.288564741655
0.308198750047
0.304646947379
0.190136238422
0.289048882674
0.278868605549
0.301121621084
0.289736136454
0.288148678529
0.249822988
0.288348238992
0.292981289921
0.267434425491
0.303573334367
0.291188363272
0.290359152497
0.276323761795
0.295406488324
0.259475976994
0.270533351582
0.282655008883
0.288381525946
0.294414256748
0.290376027956
0.290123101853
0.306835960021
0.312732219393
0.289484323369
0.237677081824
0.0
0.274185596368
0.267119864041
0.279805664036
0.253331808996
0.265388820621
0.30184931954
0.296458193617
0.30423882213
0.220973460284
0.270958833831
0.291732449902
0.289568212416
0.296563776163
0.289769744636
0.235736998066
0.255103902835
0.268353740306
0.25322908956
0.280182253085
0.269992431074
0.303370571196
0.298512871902
0.288231795144
0.2478032902
0.250675326728
0.244134372686
0.269599068477
0.260599308211
0.264209938499
0.261321718553
0.288414820586
0.263318748657
0.288898458253
0.240526186069
0.282463248362
0.249125401995
0.288049001846
0.249735576178
0.26717700198
0.255573683412
0.267448741342
0.182323465935
0.278853041079
0.251850485786
0.289668943473
0.294136932593
0.288965294217
0.292176019709
0.257962099185
0.292483897496
0.266109717018
0.243171903875
0.25411779345
0.239247710435
0.299174247726
0.273644974095
0.292483897496
0.311290338755
0.29076470564
0.291205335258
0.290527995407
0.264223911207
0.301030905406
0.237079336482
0.268613437474
0.287171510347
0.253885356828
0.281603536074
0.292193107025
0.288181919422
0.288314959722
0.282271747854
0.288065609837
0.278123465655
0.245176658014
0.308217762925
0.252155543405
0.277690636784
0.287171510347
0.285857073865
0.243646246807
0.315158641079
0.296510975491
0.24845640942
0.296669433942
0.215502499009
0.291596237716
0.262944578549
0.277659771981
0.267922025795
0.242052707573
0.275485770678
0.288049001846
0.278868605549
0.263749666738
0.271666028874
0.289400482914
0.265741712516
0.272867828346
0.226626596073
0.288748190315
0.273465240121
0.288714818666
0.288764879032
0.27070925103
0.29320480851
0.28938372065
0.255012757096
0.29774791043
0.265543977519
0.296036614151
0.237383472087
0.232165889267
0.288781569679
0.233620589966
0.298459374971
0.279711674897
0.267936393898
0.290984853641
0.277305319255
0.291664327905
0.279727335369
0.278480014326
0.277197621894
0.277382297192
0.294414256748
0.290798552879
0.29323922626
0.2384484292
0.29526682448
0.289937902566
0.30184931954
0.26839698829
0.290190505722
0.268917053502
0.285285784104
0.244756279676
0.284684326896
0.269511810175
0.291698384926
0.245719270989
0.262020659588
0.206719762382
0.273420343513
0.289266439151
0.272480908433
0.232890968024
0.298762778031
0.291409153515
0.249411438549
0.235981954327
0.251154171669
0.277013192339
0.235781497736
0.288049001846
0.288748190315
0.280025217858
0.288148678529
0.250173248061
0.288564741655
0.281508335419
0.299964573548
0.26970094127
0.244110516295
0.288049001846
0.259032037382
0.301667065392
0.276171020785
0.267248458787
0.272674231131
0.278340386463
0.289484323369
0.271370916138
0.289652150097
0.289736136454
0.272376925095
0.283730475156
0.268902580033
0.288248424221
0.273734929707
0.292483897496
0.309343689989
0.300505830447
0.206591545527
0.298566388014
0.26997784162
0.227100451683
0.300704781042
0.291171393264
0.258322213796
0.294327536791
0.304053671922
0.324977880644
0.22959468485
0.305466491625
0.288049001846
0.290849338515
0.235326171024
0.257988739906
0.295703713128
0.274471786904
0.282686994286
0.293032840881
0.296510975491
0.233718947327
0.26997784162
0.304907234042
0.264559700133
0.295162163231
0.269119845786
0.247447374425
0.291681355422
0.284684326896
0.235803753871
0.288364881509
0.268613437474
0.298245578857
0.27339042063
0.202349436516
0.235759245801
0.317018397019
0.314940112016
0.316035798407
0.303702506657
0.308312862513
0.270065402001
0.269846607454
0.0
0.29474425916
0.290207361583
0.275091396158
0.310709573198
0.246568125994
0.212668026094
0.303518008445
0.308312862513
0.288481432936
0.288381525946
0.288231795144
0.235049394854
0.276079457204
0.262240706331
0.317623009346
0.287932799505
0.294831224892
0.29971265369
0.27916466095
0.309056658234
0.277798717655
0.291647302377
0.29361835549
0.27796872911
0.26270953502
0.293325305995
0.292107690424
0.252079209739
0.254285929205
0.298762778031
0.294154250045
0.288082219744
0.3142072786
0.29420621464
0.295843790681
0.276614435667
0.288181919422
0.29272380695
0.288248424221
0.291205335258
0.28360163121
0.270914756372
0.288798262255
0.20411021885
0.288481432936
0.249237251173
0.290697034795
0.274065273561
0.288664775654
0.288049001846
0.301648852081
0.254311815994
0.270123807149
0.296229689139
0.256821730082
0.288115445304
0.265163461258
0.288215167985
0.199242699674
0.288049001846
0.265953898489
0.265600443199
0.277228384032
0.289350201947
0.245888574094
0.269992431074
0.247643615218
0.270650592471
0.260980460563
0.289316691008
0.278046075854
0.314622792004
0.294344876695
0.292398310822
0.288598078617
0.256980245706
0.307251087696
0.279320732209
0.244912251815
0.290106255779
0.277598062952
0.288198542745
0.296370265572
0.288115445304
0.24449277891
0.299964573548
0.260232821346
0.30593410918
0.294015767494
0.288731503526
0.285155524058
0.23270656437
0.250223365404
0.0
0.0
0.310516465943
0.304201774051
0.272778441637
0.272852926493
0.286217342863
0.281096541972
0.302196209824
0.233839274409
0.245248867908
0.256782131727
0.282144225041
0.218079875034
0.278417940207
0.252079209739
0.237518894082
0.298192177679
0.225409877601
0.242687615341
0.273375461645
0.274005151751
0.282287696312
0.304312945366
0.273689944509
0.226842675915
0.279258282769
0.302159657516
0.260585716216
0.285987975788
0.28204865852
0.261376402669
0.274396415697
0.291222309222
0.264629763613
0.278402426001
0.224397482013
0.337285488221
0.261938237235
0.257086031544
0.24204098135
0.236865781872
0.230473749286
0.246958130444
0.244792255611
0.266208969364
0.231402433283
0.24716582255
0.257922148419
0.215856300744
0.245321120349
0.233948770229
0.229215485481
0.250687904517
0.282351508167
0.238130210048
0.265431118154
0.243955563331
0.234135148649
0.248197214954
0.266322491312
0.269832033756
0.229257556877
0.223944864949
0.243670012535
0.219990750606
0.24624001661
0.241818398772
0.259921440902
0.229257556877
0.192539594475
0.269832033756
0.242510918213
0.231059979513
0.262986100485
0.216896459172
0.260436297801
0.231359571059
0.205056841248
0.258255450068
0.282447280062
0.22863856567
0.234420773097
0.250687904517
0.257855591299
0.259637787092
0.252435829478
0.234135148649
0.247557721585
0.274486866115
0.23470709527
0.270811964715
0.248679007367
0.237597961623
0.227327779462
0.248098616398
0.231456033402
0.235492549822
0.232165889267
0.233926862863
0.217377738297
0.235559167233
0.25559983307
0.233576902151
0.261485839589
0.3104200023
0.230739848382
0.235403785197
0.250587317535
0.267477377644
0.159679438046
0.236820872021
0.250311119089
0.237677081824
0.248098616398
0.24414630263
0.283537253108
0.23713559908
0.251103680807
0.246349289336
0.261485839589
0.217169865992
0.229510309937
0.238835983413
0.272124724239
0.292449656814
0.229320692937
0.273990125419
0.185636097831
0.2045028831
0.0
0.0
0.25101537063
0.256650225357
0.337262720198
0.346069816237
0.281001683747
0.256045197408
0.247226974963
0.277459317877
0.255169046834
0.251103680807
0.272198852466
0.25322908956
0.265671059078
0.28382718497
0.232198258912
0.254415415878
0.260585716216
0.248332916001
0.287435849558
0.239041669634
0.222459144976
0.245888574094
0.266692107239
0.255809223133
0.256373662614
0.267506020079
0.217899164247
0.222429433578
0.289316691008
0.238221043104
0.253139278361
0.25197750338
0.346045846864
0.254661804221
0.225644022086
0.202570951063
0.24716582255
0.246568125994
0.317179401791
0.263027635537
0.224125692491
0.258028711306
0.246191482065
0.24829589191
0.23723693908
0.262419766638
0.233642440003
0.245321120349
0.271076443873
0.253769297898
0.255914046869
0.221787629823
0.295493845341
0.266109717018
0.196199094326
0.197120253177
0.254415415878
0.213003493222
0.274185596368
0.255325528261
0.213513245172
0.219748853669
0.223134738824
0.258055365788
0.219942328624
0.229510309937
0.248555292623
0.219449639259
0.192673245807
0.230102239995
0.218968748609
0.223414118724
0.215530388552
0.25705957692
0.214521680422
0.222172266854
0.230081047065
0.204871855375
0.262337093044
0.204880256582
0.273854962564
0.212306545575
0.249361645888
0.232815001725
0.2155861893
0.276675708108
0.228095778717
0.232219843691
0.240618856531
0.231724406893
0.17313684503
0.235581381414
0.275531348206
0.220787924213
0.272495769677
0.20739767277
0.259502931336
0.274622653604
0.213485875188
0.22713142415
0.250687904517
0.248740910934
0.213157981869
0.224035242232
0.275516154021
0.21583765064
0.248728527755
0.229763620925
0.25705957692
0.282559096087
0.226062618751
0.0
0.203893647446
0.213522370059
0.240375748714
0.231928787347
0.224276605334
0.255469138263
0.213805628938
0.229015857032
0.221817169997
0.210207419094
0.277706071759
0.231477480403
0.202932978758
0.216558013828
0.247680445024
0.239764369758
0.236283279121
0.249498623571
0.271120573965
0.212858296567
0.21933403297
0.213513245172
0.259045467777
0.21240583016
0.216473567462
0.213577135768
0.243254780516
0.227877306135
0.215660635258
0.270577305011
0.228304237663
0.218537745474
0.233347808931
0.216792933135
0.216802340509
0.224427721544
0.254843659119
0.230102239995
0.238016766091
0.233533230673
0.209871878393
0.194981655363
0.234398777247
0.175164251201
0.276675708108
0.203968562442
0.235681397095
0.224276605334
0.237439879147
0.237113090837
0.250235897877
0.231961090906
0.234729149026
0.250549618225
0.249336757013
0.219141626256
0.284700549149
0.234696069946
0.231017244048
0.251457543763
0.273031856223
0.285677279262
0.230059858038
0.248728527755
0.21018973231
0.228868984747
0.214383605965
0.262612874482
0.229047354193
0.246799542433
0.21553968667
0.214863025718
0.226441712156
0.245586410589
0.285955239069
0.256808529274
0.297836657944
0.260232821346
0.247655890603
0.277259152998
0.274894632023
0.252627291147
0.243646246807
0.229636895575
0.290392905377
0.286792373401
0.25927399777
0.258884394892
0.281191464263
0.26352708144
0.237699697275
0.255704485236
0.287320141297
0.293032840881
0.249386539733
0.260748913784
0.253036714967
0.265558091688
0.263972628363
0.281049104856
0.240110050799
0.268281691297
0.295511322944
0.268859168973
0.24103675883
0.256768934989
0.26117145515
0.229636895575
0.31605579055
0.272495769677
0.285955239069
0.242546237051
0.260056732096
0.242994501095
0.30184931954
0.272198852466
0.226103540617
0.248902004534
0.241654652335
0.256544797793
0.246397886128
0.222836177558
0.237858126019
0.288865051863
0.296898617603
0.242593344842
0.248073978998
0.261417430777
0.251710914254
0.288514750651
0.274035209358
0.276783000223
0.276829008035
0.262806266741
0.231584775054
0.225572709243
0.216849389628
0.298370256018
0.282559096087
0.279617748882
0.284311724635
0.276982477937
0.252563438329
0.290022054741
0.227597027014
0.249536007243
0.237113090837
0.24337327376
0.282367465639
0.259813309257
0.250650174937
0.257868899975
0.286858238331
0.258911226461
0.300000596675
0.283730475156
0.266336688364
0.235970808908
0.246543791612
0.264784033972
0.256058319855
0.257802370331
0.279837007786
0.277305319255
0.279508248225
0.252168270177
0.218968748609
0.286463501922
0.261376402669
0.295528802616
0.28187362127
0.265543977519
0.216183200079
0.25944902825
0.291613257282
0.24823420962
0.285857073865
0.274260851788
0.248369951134
0.260056732096
0.229816464444
0.243231095712
0.262930740818
0.275470581519
0.230729192621
0.257602987214
0.268469099249
0.297765655702
0.27518230541
0.26642190247
0.232306222952
0.242959051596
0.22989048622
0.274547199528
0.285775320999
0.275015684319
0.273285742097
0.259126079406
0.248468765517
0.221257248883
0.274456709351
0.233108288015
0.265191610245
0.278977605507
0.265953898489
0.247068041589
0.240398880673
0.250662750202
0.27818540852
0.233064791576
0.269192345745
0.257337622303
0.27163648872
0.254130719075
0.275774683282
0.204026867732
0.288898458253
0.259570341699
0.234332814456
0.275197462794
0.260449874213
0.285955239069
0.24144444677
0.286874709291
0.266180603997
0.239971658839
0.22989048622
0.266863045456
0.220622182152
0.269322944155
0.275637754442
0.267979507456
0.30068668374
0.241432779406
0.246446502097
0.24400322021
0.200232844542
0.298334623337
0.263096889785
0.250424035739
0.257510047264
0.298709191499
0.257231629358
0.264980638399
0.280685951518
0.24622788118
0.250637600934
0.273211020781
0.304405650217
0.202916494883
0.255116928974
0.250173248061
0.26997784162
0.216267420008
0.234376785524
0.267864568787
0.279320732209
0.184914687332
0.231113421085
0.229026355123
0.289736136454
0.206165302345
0.247913955094
0.259058899565
0.241678031104
0.263916852624
0.264447675701
0.281444904068
0.285465086106
0.279649050544
0.251078442988
0.231993403465
0.239316469657
0.244876240603
0.243302163965
0.289904255368
0.227898095015
0.252193727577
0.277628914038
0.245068422868
0.277490138129
0.305821750445
0.280308008136
0.26471388879
0.275881277582
0.238630650858
0.273405381253
0.290156799873
0.295528802616
0.269875759575
0.0
0.184907843709
0.212234396883
0.250311119089
0.259516410608
0.280906889521
0.236182752057
0.278077026605
0.277520965229
0.28843147079
0.287254064107
0.283778821823
0.211910333673
0.296335108957
0.271356177331
0.262006918927
0.268743474639
0.285595629188
0.245815987061
0.243836502539
0.301357737923
0.245032365719
0.242522690016
0.262695722016
0.247569988455
0.258602998811
0.291120495107
0.274803912712
0.270196849117
0.269134342653
0.253280438863
0.261335387437
0.255887832882
0.260721699996
0.26093956949
0.266279909237
0.279242674772
0.28572629172
0.263680068451
0.270856008729
0.291137459182
0.276798334461
0.29774791043
0.312185074795
0.282367465639
0.248617134605
0.294119617179
0.255364678611
0.298085432672
0.267491698095
0.258589614255
0.303998170795
0.256045197408
0.271017626093
0.25559983307
0.245791800906
0.312165569323
0.225166070441
0.266749062307
0.209204000378
0.264770001962
0.250336202877
0.314148009118
0.24273477807
0.2434918825
0.237835480412
0.225970598689
0.265191610245
0.267234164368
0.283151597451
0.287650983765
0.257922148419
0.237835480412
0.231896492783
0.195852996355
0.255848521969
0.22929964372
0.27070925103
0.277459317877
0.28803239577
0.294518388176
0.262571470308
0.283891694813
0.334732007036
0.306403160617
0.274788798648
0.259381680875
0.270460127593
0.249150248692
0.283247912978
0.251596834375
0.302562219889
0.258282151417
0.283746588881
0.295493845341
0.235171096118
0.257616269827
0.217047219124
0.285041644056
0.302434015558
0.2862009473
0.252423075684
0.291800603727
0.256137082796
0.255887832882
0.271282507304
0.255848521969
0.279978141609
0.273854962564
0.250612456712
0.251520838553
0.288764879032
0.266123891393
0.262681910464
0.343925789015
0.242440311385
0.261431109676
0.266123891393
0.246203613907
0.260436297801
0.237383472087
0.242475609659
0.285955239069
0.275789905996
0.274336148529
0.244744290047
0.254648824517
0.225409877601
0.238266485623
0.235137892367
0.231124112366
0.279993831933
0.262986100485
0.19827803544
0.270138412383
0.240225499424
0.27537948173
0.261814700887
0.275364304289
0.268195283537
0.237541479438
0.2384598099
0.32442921669
0.277675203525
0.28267100068
0.251533501335
0.248024718875
0.219141626256
0.249685654024
0.249361645888
0.222182146886
0.261581672095
0.232403476464
0.265727578822
0.250135673226
0.236798423481
0.222201909585
0.244349290215
0.217633398833
0.251457543763
0.254221235283
0.206335588379
0.213194364712
0.265417017479
0.232392666497
0.208010738874
0.318900232145
0.248902004534
0.277690636784
0.271459382614
0.233173563122
0.265600443199
0.254519100205
0.291341182402
0.254053185041
0.268267286137
0.285236922643
0.266067202951
0.27163648872
0.253614717615
0.275896512067
0.287287098903
0.282144225041
0.257962099185
0.275576940817
0.267706689011
0.282287696312
0.263235507746
0.251964795856
0.233478664284
0.257682703441
0.279476978073
0.285857073865
0.266877300199
0.243741337546
0.25609769527
0.290747784975
0.279086690706
0.317501902454
0.287006545095
0.246167221966
0.254532066688
0.262461122979
0.277567218723
0.269061873931
0.252384822036
0.261951970693
0.279211464011
0.247717285786
0.299820567512
0.287254064107
0.244504743908
0.272080266679
0.272139546654
0.254415415878
0.200763880777
0.301557818507
0.274381346423
0.285628283616
0.247361616844
0.275045964053
0.260912315892
0.188657249444
0.260599308211
0.25298546443
0.278030603062
0.254053185041
0.247668167205
0.247569988455
0.264098210013
0.287468926181
0.272555230867
0.250914520742
0.282927115749
0.260016129952
0.255586757572
0.256268462096
0.257682703441
0.240943766253
0.256150214664
0.257709286482
0.274728359013
0.295511322944
0.265755847714
0.262006918927
0.247569988455
0.271976588842
0.297145827109
0.286463501922
0.304146218848
0.257271366479
0.232587399889
0.270767935022
0.254104869139
0.262986100485
0.297039829787
0.238984499044
0.309056658234
0.235348341279
0.264154062442
0.302580543666
0.245236829972
0.251774336677
0.239431156228
0.289366960328
0.259921440902
0.251913978572
0.237744941091
0.28771724371
0.286627843326
0.274924885105
0.26203440169
0.264643780763
0.273240904404
0.274758575507
0.257019905192
0.278015131991
0.249798006951
0.242076163429
0.275698594913
0.261185108318
0.260531362414
0.269134342653
0.268859168973
0.252155543405
0.251444888627
0.244229844895
0.24576761951
0.268859168973
0.264237885393
0.241397784076
0.286545649061
0.260912315892
0.262461122979
0.293032840881
0.261787264188
0.24204098135
0.253588972542
0.25251237931
0.247668167205
0.290072569497
0.237203149457
0.214789129316
0.243112740841
0.266934334403
0.236820872021
0.226595761124
0.262820091374
0.268310506257
0.243967475805
0.254376556032
0.276430781068
0.281984983464
0.23800542764
0.256229034157
0.271017626093
0.238699055803
0.299820567512
0.247717285786
0.248468765517
0.287254064107
0.285220639209
0.276859688408
0.272228515067
0.276446076303
0.258055365788
0.293067218267
0.24273477807
0.228408610086
0.250110629606
0.272213682958
0.259166404037
0.296036614151
0.283730475156
0.254053185041
0.253614717615
0.248369951134
0.198822473517
0.247717285786
0.269032897368
0.194306768445
0.251065825981
0.278946453968
0.237045591736
0.25962429521
0.275136843274
0.232544097604
0.265459324001
0.263360388858
0.300867754849
0.251331049702
0.247569988455
0.275273274767
0.255129956443
0.269018411427
0.260994093769
0.269366505123
0.32041364311
0.255247263565
0.256137082796
0.245707186831
0.261294385075
0.274110382236
0.243788910755
0.311270944927
0.272347230145
0.279602100678
0.26503686473
0.266677872272
0.263110745011
0.259975540484
0.33658110597
0.23889308296
0.265417017479
0.264181997516
0.31092226878
0.266478742174
0.237982753978
0.272243348791
0.271194156056
0.242899992076
0.312185074795
0.262309546754
0.255090878026
0.266436110123
0.277059276716
0.271503637486
0.27005080466
0.236216251573
0.258978329723
0.264321761561
0.29474425916
0.278557645909
0.243515618122
0.274652846848
0.309765635626
0.272629593857
0.235005171073
0.308731998827
0.267778429468
0.268786848344
0.248580025724
0.275273274767
0.251293126296
0.271932179667
0.258362288604
0.246970337964
0.252066491954
0.255835421016
0.286004346959
0.269293911336
0.273240904404
0.242052707573
0.246519462033
0.271562666432
0.26288923636
0.270445487551
0.277274540042
0.259543373352
0.263916852624
0.272584971194
0.244337340425
0.276553190359
0.239144645655
0.255090878026
0.247533191489
0.238209685183
0.266237340777
0.262668100364
0.26236464512
0.268627879833
0.268339327409
0.274955144847
0.249972979287
0.278030603062
0.191999459573
0.247520928264
0.222251331718
0.255416897757
0.251179424716
0.25278066972
0.281333967961
0.277059276716
0.254648824517
0.245876473278
0.27417055024
0.202669557724
0.241771591436
0.267534668649
0.237643166715
0.282527139619
0.269250373842
0.272540363137
0.286973574786
0.250750812397
0.223514066882
0.264854216339
0.270021614712
0.267792782174
0.264433679317
0.240075437846
0.269003927046
0.296036614151
0.259032037382
0.264489673744
0.273211020781
0.240827626387
0.271061737034
0.239580413207
0.252372073396
0.248246543626
0.261185108318
0.249336757013
0.26352708144
0.241607908362
0.207406282412
0.262419766638
0.254999741592
0.261746119919
0.248802845327
0.273225961775
0.271253050492
0.260912315892
0.25962429521
0.275455394036
0.256689783036
0.253550364731
0.241327823843
0.250927122546
0.279805664036
0.281540061818
0.237699697275
0.24504438359
0.255416897757
0.241830103438
0.284279370527
0.24939898852
0.212967175491
0.251495516814
0.284344086109
0.238232402108
0.270007022104
0.295511322944
0.259664775065
0.24775413751
0.260912315892
0.255730661669
0.284732999203
0.251748963873
0.277151491486
0.284522205981
0.265247926153
0.259018608379
0.246167221966
0.249436342337
0.278092504565
0.247300397813
0.232219843691
0.24903847757
0.259826820792
0.275576940817
0.248369951134
0.256663409895
0.276890375583
0.271061737034
0.248123258692
0.283746588881
0.2485182022
0.290815479454
0.274050240635
0.256229034157
0.0
0.166590308326
0.22770075367
0.255286389915
0.319369083164
0.271091152307
0.335654009877
0.271887784992
0.291800603727
0.245152597498
0.271828614637
0.276997834286
0.216952969604
0.313753449951
0.284684326896
0.266606720225
0.308522288318
0.218604678933
0.243872208572
0.250990150559
0.282223913293
0.236596577971
0.253113629719
0.268801309357
0.26867121623
0.26521976521
0.272718883025
0.264363719616
0.224983560905
0.287733813466
0.206634266803
0.287452386918
0.253756409011
0.311406752494
0.262405984087
0.346045846864
0.279774327305
0.287435849558
0.255756843461
0.294396908669
0.229753055137
0.287435849558
0.235270763657
0.321630612657
0.322169843759
0.229099868719
0.229869332276
0.259422085104
0.311406752494
0.341131362626
0.308046731427
0.253113629719
0.258884394892
0.246276430079
0.252678396653
0.241188024959
0.273330594508
0.32442921669
0.266038867786
0.267262754735
0.288065609837
0.288065609837
0.251799714596
0.295197042069
0.228858501077
0.259962013477
0.241071649555
0.25278066972
0.288698135734
0.273525125206
0.26306918371
0.263805371826
0.239994713086
0.285514025774
0.246604636575
0.250461697264
0.271105862338
0.241106550382
0.277505550823
0.254765689512
0.263318748657
0.272793335355
0.22452857887
0.245309075319
0.291375163995
0.244110516295
0.243563103253
0.267348562555
0.252959846945
0.282367465639
0.244050895712
0.263332627261
0.259867363831
0.279805664036
0.225054501668
0.240260155663
0.264000525074
0.26259907164
0.252423075684
0.293773736521
0.230271924092
0.235005171073
0.252359326044
0.287039522982
0.286990058994
0.226421188118
0.260830589247
0.254208300449
0.263819301775
0.255234224113
0.264545691889
0.256084568786
0.262350868358
0.268281691297
0.23083579454
0.257456968825
0.280906889521
0.257417174353
0.273450272947
0.283891694813
0.174759870475
0.255822321404
0.280323735455
0.276583809622
0.243574977429
0.237045591736
0.251748963873
0.244684359519
0.278837478347
0.254298871941
0.280229398004
0.247963171225
0.279680359215
0.251774336677
0.259597315651
0.286282943904
0.249150248692
0.255090878026
0.246373585336
0.239098867583
0.251482857856
0.271503637486
0.304146218848
0.255325528261
0.266251528751
0.244540645931
0.264615747949
0.260165066498
0.269730061924
0.280150831951
0.245104490631
0.246397886128
0.277659771981
0.282176094941
0.234102236764
0.261718697591
0.247116922397
0.259853848079
0.269584521503
0.264377708595
0.284311724635
0.270811964715
0.271076443873
0.2767370077
0.291954066325
0.275121692567
0.247202510367
0.297428856829
0.261732408037
0.243396986263
0.29774791043
0.228210384005
0.287039522982
0.251331049702
0.242522690016
0.210748299533
0.258188720842
0.252091928807
0.281318127084
0.226925100469
0.254247108901
0.268339327409
0.267434425491
0.263666153202
0.244756279676
0.292329877539
0.285367257084
0.271002925636
0.290527995407
0.306628816559
0.304609799843
0.256795329822
0.263958682218
0.261335387437
0.249125401995
0.268526815921
0.267548995235
0.260097346922
0.279993831933
0.23935086409
0.271179436443
0.223174607452
0.25270395716
0.251482857856
0.2415378263
0.271326704519
0.260966828781
0.264615747949
0.240978630059
0.281270615156
0.278324880899
0.280025217858
0.283505075017
0.228345975184
0.257377392181
0.281333967961
0.247349370613
0.257311115879
0.280245116503
0.274471786904
0.248431700911
0.263124601697
0.249386539733
0.266308295774
0.0
0.206480552838
0.256373662614
0.264994692745
0.258777124205
0.242416784911
0.263415929616
0.279071101883
0.285253207937
0.271002925636
0.208453351845
0.255887832882
0.240225499424
0.262116884582
0.260124430521
0.302050053625
0.30068668374
0.244313444353
0.268743474639
0.264741942402
0.244110516295
0.289551430717
0.297428856829
0.277551799179
0.267062750536
0.250625028193
0.258082025777
0.229721363604
0.222746764914
0.254311815994
0.25460989334
0.29458785006
0.226925100469
0.245321120349
0.247520928264
0.271429887381
0.26288923636
0.239247710435
0.266578270036
0.241736497824
0.269293911336
0.264293796922
0.224872172879
0.266053034614
0.263013789062
0.258055365788
0.227162405066
0.241958929586
0.256018956547
0.288414820586
0.2739600777
0.274849264882
0.239270625785
0.259975540484
0.275485770678
0.243290316372
0.301030905406
0.263499284691
0.236004248324
0.255822321404
0.252091928807
0.247741852384
0.255822321404
0.287982589026
0.250411484414
0.274260851788
0.258884394892
0.281017489005
0.223904720669
0.2192666522
0.281017489005
0.287188017303
0.268946005115
0.270226076966
0.265360629755
0.253988609477
0.266905814254
0.286907656886
0.266067202951
0.263277121622
0.239649363825
0.250599886493
0.237372193891
0.293773736521
0.252423075684
0.249112980506
0.263680068451
0.279336348933
0.252282868967
0.251331049702
0.27016762759
0.253885356828
0.261869591541
0.246872711583
0.279445714918
0.268555683564
0.238039446235
0.261773547994
0.0
0.254272987787
0.262337093044
0.249798006951
0.276155755971
0.236104623459
0.250411484414
0.274336148529
0.238039446235
0.28868145473
0.264419684415
0.286086230933
0.273420343513
0.276890375583
0.215010971167
0.250235897877
0.257417174353
0.251331049702
0.260925941979
0.266350886929
0.263096889785
0.270430849094
0.263221639377
0.221423946863
0.285350958765
0.270284551637
0.233937816033
0.231027926432
0.263096889785
0.2350604534
0.266251528751
0.221659713266
0.246519462033
0.24682392733
0.244708328208
0.252028346298
0.281857719566
0.237564069089
0.227628135087
0.267291351221
0.268757930985
0.215651326701
0.219942328624
0.278557645909
0.214890749979
0.239764369758
0.260354869047
0.272763549545
0.28169880114
0.262488701115
0.263138459842
0.231574041113
0.197627069223
0.244468852425
0.227960484419
0.220953915488
0.261554284212
0.275091396158
0.255090878026
0.258295504163
0.278278374569
0.269904917996
0.279336348933
0.275091396158
0.261103210714
0.200449746721
0.251926680971
0.287287098903
0.261581672095
0.284295546661
0.268902580033
0.276660387453
0.268555683564
0.247080259978
0.247569988455
0.260151519761
0.262295775778
0.260980460563
0.225603266369
0.268801309357
0.25542995588
0.258202063929
0.272332385099
0.322752579911
0.248481122844
0.234596888624
0.255051811579
0.29029167027
0.278262875913
0.290156799873
0.262337093044
0.259166404037
0.269221356667
0.239637869299
0.241607908362
0.281286450682
0.0
0.253486044496
0.267291351221
0.275531348206
0.295319182942
0.253743521433
0.270445487551
0.284101554476
0.250511930256
0.256729352912
0.247606796363
0.29951501331
0.294015767494
0.30552253024
0.244996319179
0.281349810622
0.262930740818
0.283007246914
0.242522690016
0.252525142129
0.226287872504
0.202867059323
0.251596834375
0.264363719616
0.262571470308
0.284214684397
0.241607908362
0.273270794564
0.247312639195
0.281762347001
0.266265718238
0.282766989474
0.249299433013
0.279273892511
0.249922962184
0.257935463966
0.282927115749
0.245574339495
0.268917053502
0.300596229891
0.262820091374
0.280355195389
0.27606420251
0.285971606492
0.272555230867
0.266251528751
0.244086664567
0.257417174353
0.257828978069
0.293256438165
0.2214043223
0.282303646571
0.246434346307
0.26512124898
0.241607908362
0.283071384534
0.31740105057
0.253216255487
0.28382718497
0.292861074855
0.282927115749
0.276813670398
0.259826820792
0.243468151504
0.251622176522
0.278915309385
0.287402780546
0.285546661543
0.292090613097
0.262185660003
0.300922118715
0.249026064747
0.29005572929
0.262268238164
0.308465143978
0.290325407462
0.250123150789
0.241607908362
0.26416802924
0.24763134105
0.297216534028
0.236540570828
0.279508248225
0.245128541704
0.272570100219
0.282655008883
0.242664040848
0.242522690016
0.294033070681
0.279320732209
0.277798717655
0.275896512067
0.247606796363
0.225776579919
0.282927115749
0.295756226663
0.27969601618
0.242522690016
0.245008333514
0.289015441489
0.301448650719
0.280292282582
0.301103473574
0.249735576178
0.277536381348
0.254596918927
0.308846506585
0.268037013789
0.240144673733
0.25962429521
0.241607908362
0.241153100542
0.253203422715
0.277860515935
0.241876933434
0.24275836631
0.293135997244
0.247545455929
0.274366278804
0.272376925095
0.297128155636
0.274894632023
0.254079024462
0.256795329822
0.259772783082
0.26369398517
0.250801161439
0.256650225357
0.244134372686
0.260165066498
0.254713736274
0.249423889822
0.28928318783
0.292912583515
0.195845319157
0.25597960534
0.29577373532
0.261869591541
0.289820171531
0.245092466864
0.259489453465
0.241607908362
0.28998838801
0.223134738824
0.256071443648
0.301885796799
0.259475976994
0.300162807871
0.257895521448
0.276982477937
0.182323465935
0.250939725616
0.278216390301
0.257948780888
0.278526588082
0.241607908362
0.289099058964
0.374023801244
0.276400195675
0.296722291069
0.266081372798
0.286282943904
0.273196081421
0.252870226593
0.296335108957
0.274471786904
0.29272380695
0.276400195675
0.308446100569
0.279351967404
0.266891556465
0.261869591541
0.324682215819
0.282911094961
0.250511930256
0.304814223477
0.235614710541
0.25272952284
0.306609999203
0.268252882525
0.249150248692
0.261787264188
0.253872456149
0.286184553615
0.261458471768
0.275333954426
0.286004346959
0.27910228127
0.247594525845
0.278247378983
0.281651160551
0.261595368188
0.272228515067
0.308312862513
0.218652513655
0.256650225357
0.308465143978
0.293463138738
0.254066104095
0.257882210025
0.246750787091
0.234135148649
0.204939084336
0.270474769219
0.248778067869
0.233282436243
0.310400716763
0.243527487669
0.255116928974
0.238835983413
0.244708328208
0.178010116401
0.233075664164
0.269759188868
0.264840176889
0.240167761237
0.260395577058
0.258924644331
0.246142966648
0.270313798464
0.217975216484
0.177991091451
0.274698149165
0.241467784883
0.233064791576
0.241013503957
0.24568302208
0.230325001707
0.227918887688
0.278386913524
0.261308051099
0.220524803011
0.272540363137
0.233926862863
0.228711830488
0.227100451683
0.21242389188
0.260002598721
0.213039823342
0.175786712301
0.274698149165
0.187355530694
0.258602998811
0.245260907026
0.229173429522
0.244456890939
0.233173563122
0.244864239219
0.255116928974
0.266024702466
0.239098867583
0.310400716763
0.229183942065
0.303094512073
0.237869450439
0.269119845786
0.267506020079
0.236518175394
0.229099868719
0.215958933954
0.266877300199
0.2364957842
0.241900355235
0.207423503841
0.23800542764
0.23547035239
0.221267047698
0.238186972589
0.250952329952
0.281953156717
0.250060557408
0.241467784883
0.276003200587
0.233740815767
0.259502931336
0.282064581777
0.248889605311
0.216445433307
0.215958933954
0.292056464431
0.226380151202
0.233195329616
0.207423503841
0.254285929205
0.275091396158
0.234058368641
0.240445157949
0.267119864041
0.241783291571
0.266635176487
0.246787351791
0.276752336843
0.227007584943
0.278386913524
0.231488205394
0.275926986084
0.297057490756
0.291273242991
0.242628687695
0.233119164661
0.262792443563
0.245188690044
0.257935463966
0.247190279884
0.276967123289
0.149542350704
0.21842309771
0.222280995552
0.25868333525
0.276752336843
0.243124571144
0.262075636646
0.285595629188
0.229099868719
0.236283279121
0.253511768674
0.236518175394
0.318554573898
0.244444930624
0.225379372836
0.233249763633
0.266962860648
0.24749640546
0.324323916717
0.227017899719
0.254493171201
0.246130840781
0.259907919524
0.282271747854
0.244708328208
0.239603392337
0.231306015603
0.222965455954
0.243314012712
0.250952329952
0.254066104095
0.278853041079
0.149546826814
0.267993881726
0.245224793218
0.250952329952
0.324323916717
0.279680359215
0.256005838134
0.253049530846
0.216099045719
0.243717557903
0.238619253846
0.260612901623
0.253473184365
0.214909236795
0.231006562651
0.227038532083
0.274607559471
0.283875564603
0.250060557408
0.250273502831
0.257629553809
0.253640467916
0.248221876839
0.270518703612
0.235492549822
0.241118186237
0.255129956443
0.237530186223
0.220515069825
0.273990125419
0.225206668335
0.2739600777
0.309439485756
0.217984726746
0.194951222765
0.264363719616
0.215307474123
0.246738601265
0.21982620279
0.276752336843
0.300650495668
0.261787264188
0.255612909906
0.284117710379
0.262447336083
0.305559900741
0.248914404993
0.250336202877
0.227929285448
0.266464529974
0.200465832244
0.236249760593
0.233424123389
0.253049530846
0.261007728399
0.223454087259
0.247582256542
0.236473397246
0.24602176172
0.275091396158
0.267979507456
0.241467784883
0.213970446982
0.245272947325
0.241456115263
0.240757996194
0.246142966648
0.248012406901
0.249386539733
0.228022907992
0.242405023386
0.27417055024
0.220213766618
0.231306015603
0.240167761237
0.244516710078
0.213577135768
0.279383209586
0.250273502831
0.241479455632
0.260558536481
0.241479455632
0.223894686848
0.235536957242
0.25269117626
0.254752699216
0.243302163965
0.241771591436
0.267477377644
0.283875564603
0.282847029949
0.258669942377
0.248172557968
0.246982546691
0.29654617385
0.241771591436
0.245284988807
0.237180628389
0.252397571964
0.266549825919
0.265445220328
0.24063044536
0.303979674922
0.279398833297
0.212478095476
0.239408210121
0.259220189738
0.262075636646
0.253872456149
0.236641402786
0.278417940207
0.237530186223
0.277428504471
0.255678314161
0.290156799873
0.228492176759
0.240943766253
0.248939209617
0.278386913524
0.262447336083
0.271991395123
0.276752336843
0.229173429522
0.255012757096
0.287254064107
0.287502010417
0.252627291147
0.32442921669
0.260463452039
0.254247108901
0.254882661821
0.212758588639
0.270328424252
0.284700549149
0.284651887934
0.263791443348
0.222429433578
0.270328424252
0.313773154369
0.288248424221
0.293118799473
0.214402005622
0.276890375583
0.283875564603
0.245658862082
0.236551770135
0.307364499355
0.296722291069
0.294362218642
0.000174947515745
0.262626678775
0.240271709965
0.263707903358
0.274245797399
0.312302158834
0.272912543673
0.224377326852
0.264601733769
0.274441633453
0.314088761993
0.28615177188
0.252959846945
0.237994090269
0.301885796799
0.281333967961
0.297375747695
0.256281607439
0.299820567512
0.280875305657
0.279555166574
0.277505550823
0.309880911556
0.227607395427
0.283682144959
0.230931820523
0.280954278638
0.281397349311
0.273525125206
0.274955144847
0.271592190532
0.296704669934
0.237971418767
0.291919949577
0.279789994793
0.276951770345
0.294102303804
0.277443910319
0.278635320786
0.302251054871
0.267191290284
0.291426151249
0.34404420445
0.273854962564
0.303591780824
0.274381346423
0.232111959908
0.255038792089
0.307024515272
0.0
0.277675203525
0.288248424221
0.26717700198
0.297517414221
0.264559700133
0.246616809172
0.283988514581
0.289618569185
0.304572661364
0.306628816559
0.248629506694
0.31685755562
0.280875305657
0.302104845629
0.219199312816
0.231531115298
0.278386913524
0.245670941487
0.227369160691
0.216558013828
0.000174947515745
0.321175748073
0.339785768296
0.245586410589
0.24403897509
0.256848135771
0.268931528529
0.257802370331
0.279445714918
0.276094713584
0.288514750651
0.27778327238
0.294674723505
0.28455461539
0.221492660239
0.240271709965
0.272957273657
0.317845278772
0.327405631522
0.266720581733
0.272838026268
0.234607904631
0.235171096118
0.270255311139
0.306628816559
0.264601733769
0.298780644481
0.236115781523
0.292535273553
0.263318748657
0.274381346423
0.288132060958
0.236832097887
0.237225674803
0.271799039115
0.264517679851
0.222201909585
0.287419314101
0.300849637925
0.250826343542
0.272838026268
0.274879507979
0.245622630993
0.216670711523
0.245321120349
0.292878242395
0.216651920429
0.283424661732
0.22418603325
0.260694491887
0.242428547577
0.264531685128
0.0
0.252972655039
0.288132060958
0.271976588842
0.310593680034
0.311659281206
0.250914520742
0.275546544067
0.241071649555
0.229647450681
0.274140462937
0.272510632542
0.234409774656
0.242428547577
0.298637772685
0.229415462256
0.266934334403
0.232165889267
0.271444634196
0.273585036525
0.253911162119
0.303942689927
0.314088761993
0.327298390895
0.231971860759
0.244720314313
0.240839235335
0.269090856736
0.245260907026
0.242440311385
0.2443731933
0.250311119089
0.216614348017
0.288464776964
0.218815308414
0.24631285432
0.243931741872
0.260287050639
0.315855982869
0.226606038508
0.259502931336
0.185884736105
0.271799039115
0.230091643042
0.289618569185
0.276232096921
0.24403897509
0.272495769677
0.245188690044
0.260327737444
0.246726416643
0.262557671818
0.233151800692
0.2244680536
0.245973313166
0.234003556602
0.273211020781
0.283456821571
0.245272947325
0.333436327884
0.309842476714
0.288331598397
0.327148371989
0.255416897757
0.273510151476
0.236832097887
0.285562982226
0.238778911156
0.264517679851
0.280875305657
0.264433679317
0.273884987228
0.241607908362
0.29076470564
0.270723919643
0.270021614712
0.0
0.267234164368
0.238130210048
0.244397101062
0.320495858427
0.27989971636
0.254350656062
0.267162715203
0.259907919524
0.285742632944
0.30610280217
0.246750787091
0.237982753978
0.261062281169
0.273495179386
0.231971860759
0.250851530703
0.236719887095
0.25743043781
0.261035001934
0.287320141297
0.283569438505
0.246058110663
0.246482976666
0.264741942402
0.293514859418
0.310844891247
0.275333954426
0.264517679851
0.255495266531
0.267764078301
0.195730233371
0.297889931852
0.30163064097
0.243658129091
0.243420703387
0.285448776611
0.20242322085
0.273405381253
0.26673482126
0.267234164368
0.283875564603
0.279789994793
0.283135551231
0.285660945513
0.262103133827
0.221502479917
0.2738399527
0.267950763543
0.0
0.275303611253
0.256334202299
0.247545455929
0.27274865908
0.0
0.284797921508
0.294935651536
0.282000899533
0.283103464246
0.235926237759
0.276125231404
0.25911264065
0.301103473574
0.259408615629
0.250977542423
0.308427059511
0.2511289237
0.292193107025
0.288514750651
0.28212829279
0.268339327409
0.308484189739
0.296124344299
0.285791667831
0.293032840881
0.275576940817
0.304387104729
0.0
0.244684359519
0.29008941166
0.282415348879
0.268209680965
0.301503224731
0.236921943144
0.274592466997
0.237473736253
0.276155755971
0.233358707941
0.271991395123
0.228147857757
0.29171541642
0.291426151249
0.279742997593
0.280323735455
0.265713446632
0.275425024091
0.293153197032
0.315875952268
0.300234958057
0.244768270479
0.247545455929
0.265445220328
0.269715500811
0.27916466095
0.309880911556
0.245224793218
0.283923960733
0.268368154752
0.29951501331
0.283456821571
0.233173563122
0.249822988
0.270094601417
0.278386913524
0.248246543626
0.224508400154
0.0
0.231006562651
0.28615177188
0.267091304235
0.292107690424
0.233642440003
0.257138957129
0.281540061818
0.325740640046
0.275485770678
0.310593680034
0.278200898548
0.268353740306
0.27029917426
0.262764801568
0.279289503998
0.272495769677
0.298548547178
0.285350958765
0.272510632542
0.269235864473
0.273300691265
0.300397422861
0.0
0.283296095317
0.309286240994
0.300397422861
0.236832097887
0.276339045189
0.22914189768
0.330765305331
0.27274865908
0.314880565767
0.291919949577
0.304628372478
0.245188690044
0.31482104203
0.26717700198
0.274140462937
0.186224232622
0.221443574906
0.266649406896
0.246203613907
0.279227068519
0.291630278836
0.248716145809
0.275227782571
0.292244380967
0.226493038534
0.280103713462
0.288698135734
0.298798513069
0.278480014326
0.220369175063
0.288298322967
0.289618569185
0.220719647333
0.273585036525
0.243480016424
0.246897110942
0.243432563682
0.231821173767
0.229404928464
0.26073530618
0.222419531542
0.303260087224
0.221453390232
0.304053671922
0.260558536481
0.269948667442
0.282415348879
0.243860305399
0.263277121622
0.250336202877
0.250035528827
0.277505550823
0.303499570952
0.286053471718
0.285139249915
0.269890337998
0.000349895031491
0.28267100068
0.272006203017
0.233992597275
0.315039405828
0.299120513502
0.254817663948
0.245719270989
0.329978861173
0.309938581701
0.222014305769
0.27168080136
0.18779920076
0.237778885257
0.253988609477
0.26345760056
0.243254780516
0.295913879236
0.274050240635
0.279852682295
0.287089004023
0.251558830724
0.239030233328
0.279445714918
0.233576902151
0.24659246518
0.287932799505
0.268065776211
0.243254780516
0.307818984475
0.266706343726
0.283666038552
0.268815771926
0.273945056312
0.256281607439
0.300614316307
0.264601733769
0.271917379831
0.185884736105
0.304387104729
0.274275907829
0.271002925636
0.28331215974
0.25687454689
0.286053471718
0.314880565767
0.268931528529
0.241199668679
0.244732301593
0.285350958765
0.261349057751
0.262199419418
0.292672364655
0.278635320786
0.243325862612
0.239282085106
0.304646947379
0.278216390301
0.216558013828
0.216670711523
0.231402433283
0.297287274605
0.308674776784
0.28360163121
0.292107690424
0.281397349311
0.253911162119
0.0
0.235137892367
0.280875305657
0.291885840803
0.265727578822
0.306403160617
0.237744941091
0.293118799473
0.261267057314
0.0
0.300487757083
0.290224219403
0.22112015654
0.268425828024
0.282959162769
0.274501946982
0.218241817893
0.273315642069
0.247533191489
0.272362076811
0.27580513039
0.335947413732
0.289786551651
0.257642839161
0.271769470029
0.265840690487
0.294796432442
0.296951556435
0.26264048452
0.224548761214
0.241900355235
0.267577653011
0.285057907059
0.252091928807
0.226698576933
0.273270794564
0.283649933974
0.239500020949
0.292603803046
0.277999662643
0.308427059511
0.227410556988
0.264517679851
0.245719270989
0.236294454078
0.298637772685
0.28339250919
0.000174947515745
0.29076470564
0.270036208897
0.269963253743
0.239649363825
0.264209938499
0.278635320786
0.30882741606
0.278448973807
0.251787024997
0.252921430445
0.261759833238
0.275394660843
0.285285784104
0.254908670256
0.249448796097
0.312068078515
0.235315087463
0.308503237852
0.315855982869
0.316035798407
0.346045846864
0.267878930729
0.256426295269
0.315616546874
0.308503237852
0.278154433639
0.222528502451
0.346045846864
0.308503237852
0.0
0.235759245801
0.294067683168
0.279258282769
0.259381680875
0.0
0.288498090831
0.225664405466
0.0
0.206762536708
0.249735576178
0.219729524893
0.229268077139
0.256045197408
0.27818540852
0.246373585336
0.220963687454
0.32442921669
0.291800603727
0.275531348206
0.242381503761
0.265346536567
0.220126445654
0.258884394892
0.286578521109
0.252767881059
0.27989971636
0.249760544742
0.246349289336
0.214438814413
0.256729352912
0.268368154752
0.197143587461
0.223444093784
0.265755847714
0.28254311695
0.238904506145
0.312224093052
0.244852239011
0.228858501077
0.267477377644
0.302562219889
0.297198854144
0.279383209586
0.290697034795
0.28267100068
0.280717492809
0.288498090831
0.326229835914
0.241526149909
0.227648878526
0.242322724659
0.274803912712
0.276171020785
0.207466569929
0.24273477807
0.258978329723
0.226144477301
0.258978329723
0.290697034795
0.245260907026
0.318900232145
0.268368154752
0.215548985591
0.239960133376
0.253988609477
0.318574885992
0.334732007036
0.275531348206
0.220875770867
0.274260851788
0.225034228314
0.222548326816
0.250235897877
0.47045291309
0.261485839589
0.250273502831
0.240202400818
0.192539594475
0.302818954908
0.220963687454
0.253152104632
0.26699139299
0.254260047685
0.212450990221
0.266350886929
0.256729352912
0.289366960328
0.251672876134
0.252806250924
0.256058319855
0.286578521109
0.27818540852
0.326229835914
0.248000096149
0.279884036582
0.223874621903
0.262240706331
0.274577376183
0.223005264105
0.226175189544
0.24138612122
0.197089149389
0.167287548953
0.255195113751
0.000174947515745
0.245020349027
0.269061873931
0.23470709527
0.226678006307
0.2546877676
0.200514104307
0.226678006307
0.257775768085
0.237372193891
0.223444093784
0.279617748882
0.26568518676
0.222697122221
0.253408903277
0.267291351221
0.214043781039
0.229404928464
0.244660395525
0.0
0.200248895271
0.223015218364
0.226667722394
0.204804670507
0.236249760593
0.226678006307
0.218375363303
0.244888243163
0.230017491691
0.262557671818
0.26344370878
0.218146528272
0.289803360616
0.267420111172
0.28615177188
0.227638506334
0.245876473278
0.283585533944
0.266024702466
0.224337027391
0.264265838201
0.244660395525
0.263429818466
0.261567977437
0.246458659087
0.28161940911
0.274050240635
0.251546165392
0.251736279388
0.261499525647
0.254350656062
0.294448959042
0.295756226663
0.279258282769
0.0
0.265290178783
0.294935651536
0.254986727418
0.279024345863
0.246410038322
0.297287274605
0.276079457204
0.249386539733
0.245188690044
0.309631255393
0.262089384515
0.264784033972
0.247582256542
0.249748059836
0.263290995838
0.254973714571
0.244684359519
0.268526815921
0.23175665354
0.258924644331
0.293739193193
0.0
0.281857719566
0.291749485373
0.244636436225
0.244636436225
0.261513213139
0.270577305011
0.0
0.26270953502
0.245393415374
0.25917984837
0.277675203525
0.255704485236
0.275030823352
0.234751206927
0.26521976521
0.248283553
0.270753261639
0.248357604862
0.283023278594
0.221433760449
0.254493171201
0.24559848287
0.262461122979
0.248086297086
0.246945924131
0.292981289921
0.271370916138
0.233467754066
0.267005661448
0.21324896227
0.258402375848
0.248468765517
0.25298546443
0.246434346307
0.277274540042
0.281953156717
0.275136843274
0.247680445024
0.280575612794
0.284651887934
0.287072508447
0.22779418853
0.258589614255
0.244768270479
0.248246543626
0.286282943904
0.249100560254
0.279320732209
0.269861182728
0.255612909906
0.270856008729
0.25322908956
0.278169920217
0.234894684392
0.276476671851
0.252028346298
0.268209680965
0.294535750576
0.250574749838
0.273345548584
0.24602176172
0.260925941979
0.242052707573
0.245188690044
0.233271544356
0.254104869139
0.261938237235
0.222846116727
0.253357501877
0.244768270479
0.303315319149
0.24769272406
0.294379562634
0.284408831162
0.249560935915
0.279367587621
0.311698168134
0.22845038578
0.296212126461
0.254247108901
0.262723349478
0.223884653926
0.245803893389
0.290123101853
0.251368984555
0.276262645121
0.24099025357
0.221836867819
0.277567218723
0.277551799179
0.287849855218
0.329217839814
0.249461251099
0.243788910755
0.196260750953
0.27362998724
0.251406930862
0.23045248787
0.279367587621
0.260640092703
0.279523885925
0.247080259978
0.248123258692
0.28593887352
0.28187362127
0.252142817917
0.272139546654
0.262750982751
0.260151519761
0.248468765517
0.240121590668
0.239798893065
0.27585081366
0.271488884259
0.284408831162
0.287551651051
0.299640754289
0.279789994793
0.261938237235
0.254713736274
0.283280032716
0.277505550823
0.244050895712
0.330000656342
0.226021711695
0.27005080466
0.248765680991
0.281571795369
0.325316443353
0.240572512376
0.223045086474
0.216099045719
0.261526902063
0.278821917351
0.295231929151
0.270474769219
0.26166387017
0.220515069825
0.237711006614
0.262405984087
0.25704635165
0.332305283473
0.265558091688
0.276232096921
0.256465783944
0.284408831162
0.297251900108
0.264826138928
0.278775244784
0.276339045189
0.272555230867
0.269177842628
0.262350868358
0.295231929151
0.26196570559
0.273046777627
0.245840177977
0.251091061263
0.28455461539
0.263721823015
0.23935086409
0.248939209617
0.294796432442
0.28771724371
0.299335566294
0.244277609007
0.274985411251
0.24688491066
0.246422191715
0.248369951134
0.234530814299
0.281349810622
0.287072508447
0.251204682841
0.248728527755
0.307137759699
0.249511083551
0.248542927919
0.261609065715
0.24576761951
0.267305651759
0.297358048864
0.312732219393
0.247178050612
0.277551799179
0.285025382909
0.249573402119
0.315218292556
0.247864758497
0.277228384032
0.0
0.260151519761
0.242475609659
0.284408831162
0.214254896737
0.292620940437
0.24337327376
0.226729439872
0.287650983765
0.269497272616
0.306798276759
0.246945924131
0.247019180116
0.270753261639
0.252333835203
0.216173846358
0.267048475975
0.259826820792
0.253447468017
0.270226076966
0.266692107239
0.196260750953
0.299317633418
0.262543874778
0.25917984837
0.26264048452
0.206386729057
0.245345213957
0.245961204008
0.26699139299
0.250977542423
0.265543977519
0.264070292654
0.255769936368
0.224226278477
0.24939898852
0.278448973807
0.284797921508
0.246921515124
0.23839154199
0.281984983464
0.24782787386
0.275668171321
0.295231929151
0.286282943904
0.254350656062
0.298673477823
0.264573709861
0.271961784172
0.261951970693
0.297004514149
0.262792443563
0.264826138928
0.264826138928
0.246543791612
0.264826138928
0.246070229365
0.272362076811
0.220019814031
0.264699864213
0.272763549545
0.286463501922
0.249461251099
0.263499284691
0.273480208934
0.274849264882
0.263540982014
0.277551799179
0.267334257425
0.291239285166
0.260517777506
0.285562982226
0.258951484245
0.2104198929
0.267878930729
0.252959846945
0.271961784172
0.212532326741
0.234135148649
0.277598062952
0.290123101853
0.270591959327
0.22993280579
0.250725645457
0.222905770368
0.258643160792
0.281286450682
0.267520343597
0.269250373842
0.245164627166
0.253177761073
0.262543874778
0.275333954426
0.23045248787
0.244672376935
0.272302699859
0.278666402868
0.273315642069
0.278200898548
0.287386248894
0.274577376183
0.253807972417
0.223584083819
0.26128072048
0.25920674122
0.0
0.243907925064
0.275394660843
0.276660387453
0.246580294987
0.254519100205
0.218949556818
0.28187362127
0.224326954787
0.233751751521
0.267048475975
0.270914756372
0.259395147553
0.242770162149
0.253164932203
0.246799542433
0.207733979336
0.281381501296
0.254053185041
0.247447374425
0.26352708144
0.257470236383
0.259045467777
0.291205335258
0.247680445024
0.239431156228
0.287006545095
0.2019160175
0.283923960733
0.276339045189
0.269569976099
0.260789745121
0.257510047264
0.262006918927
0.27537948173
0.247068041589
0.246106592632
0.2304206031
0.254130719075
0.258710125156
0.279508248225
0.25911264065
0.260151519761
0.250461697264
0.257364134189
0.261526902063
0.262695722016
0.263721823015
0.247705004314
0.244720314313
0.271120573965
0.272006203017
0.254713736274
0.273644974095
0.285562982226
0.288049001846
0.259826820792
0.248394647361
0.275668171321
0.254596918927
0.264812102455
0.257496775603
0.254506135042
0.244720314313
0.259691768648
0.250260966591
0.229658006758
0.268685664803
0.272124724239
0.262916904542
0.254389507995
0.249461251099
0.24884002077
0.000174947515745
0.231209678237
0.231767404417
0.240144673733
0.249100560254
0.26568518676
0.272525497028
0.27005080466
0.233740815767
0.273151273141
0.254973714571
0.263944737547
0.303204875411
0.246410038322
0.256980245706
0.2511289237
0.26196570559
0.288049001846
0.25272952284
0.246252153237
0.26344370878
0.281254781413
0.245417523186
0.26196570559
0.244516710078
0.251533501335
0.252104649158
0.268859168973
0.221728573071
0.210517420344
0.257496775603
0.332327387057
0.261718697591
0.246555958203
0.313871713596
0.263388156309
0.253640467916
0.198719669757
0.288664775654
0.248654254567
0.246252153237
0.280938480489
0.227524474567
0.205529225267
0.263707903358
0.242252227357
0.236294454078
0.253756409011
0.247975478311
0.218260885807
0.262737165388
0.212550409981
0.251154171669
0.232728243759
0.310227254705
0.240792806257
0.256848135771
0.256795329822
0.263388156309
0.227514113708
0.227348468193
0.215511794721
0.230729192621
0.271253050492
0.276675708108
0.22883753662
0.258308858289
0.254324761365
0.209907148014
0.310516465943
0.296335108957
0.286184553615
0.237158111597
0.285188077916
0.266024702466
0.315576676163
0.267291351221
0.313871713596
0.226380151202
0.28303931209
0.266749062307
0.23251163147
0.34987464545
0.318574885992
0.309190540072
0.283553344893
0.226451975571
0.283007246914
0.29243253948
0.271887784992
0.322169843759
0.29596646745
0.000393631910427
0.246507299044
0.24769272406
0.36412870323
0.211184797405
0.298495037461
0.335676561208
0.244301498069
0.220983233978
0.366667395936
0.321320338094
0.330896743958
0.37124460819
0.233217100174
0.322460948562
0.277690636784
0.20456149431
0.232414287436
0.334732007036
0.0
0.27818540852
0.303260087224
0.273884987228
0.0
0.192154530096
0.312224093052
0.317522080522
0.237101838317
0.0
0.335676561208
0.207139715465
0.315576676163
0.267821492201
0.291307208735
0.344542441005
0.320167250049
0.3104200023
0.326464318937
0.368860091327
0.297836657944
0.000174947515745
0.343925789015
0.232652383563
0.331313656301
0.267778429468
0.470540383263
