284	43.429577464788736
87	47.5919540229885
41	40.57723577235772
23	34.66782608695651
197	32.10659898477157
40	43.12916666666665
431	20.308584686774942
164	42.34146341463415
146	44.81164383561644
125	47.648
204	23.15686274509804
53	62.29245283018869
148	43.83108108108108
178	35.21348314606742
110	25.654545454545456
115	58.4
228	52.21491228070175
338	52.85207100591716
90	39.73888888888889
5	67.86915887850456
27	39.203703703703695
186	53.81182795698925
112	30.651785714285715
272	48.018382352941174
18	43.618803418803424
335	19.934328358208955
54	54.196296296296296
251	33.99601593625498
91	37.43956043956044
38	44.93201754385965
64	47.911458333333336
93	29.886021505376345
131	48.854961832061065
25	52.809999999999995
150	37.88666666666667
36	41.172839506172835
135	67.1037037037037
155	42.0258064516129
200	27.555
289	30.238754325259517
218	40.24311926605505
46	38.50483091787439
159	52.66037735849057
35	40.49523809523809
144	31.055555555555557
157	34.12738853503185
22	40.99613152804642
102	47.01372549019608
30	38.10987654320988
43	59.655813953488384
33	46.02424242424243
47	50.47659574468086
295	34.538983050847456
26	36.78799249530957
60	39.49166666666666
256	33.6484375
52	35.21978021978022
134	23.417910447761194
222	22.54054054054054
235	38.52765957446808
14	44.789554531490005
153	44.31372549019608
28	36.92207792207791
44	44.535714285714285
168	29.92559523809524
253	47.816205533596836
196	36.35204081632653
82	59.65853658536585
230	22.64782608695652
97	41.501030927835046
20	47.14583333333332
145	48.00689655172414
337	34.6973293768546
621	17.14975845410628
138	59.971014492753625
387	24.299741602067183
69	40.41787439613527
3	92.5709932967705
117	30.649572649572647
96	34.744791666666664
120	48.141666666666666
9	49.8831085420681
118	24.923728813559322
181	46.75690607734806
19	50.45975232198142
84	28.160714285714285
103	25.37864077669903
176	25.897727272727273
121	38.02892561983471
132	38.78030303030303
205	49.146341463414636
175	52.76571428571429
165	45.75555555555555
380	34.078947368421055
224	29.53125
290	44.141379310344824
949	26.231822971549
37	41.887122416534176
63	30.910052910052908
31	54.12406947890818
81	48.67489711934156
111	44.4054054054054
24	47.224826388888886
130	30.111538461538462
122	36.85245901639344
15	42.04140350877194
191	37.57068062827225
66	57.07575757575758
67	44.526119402985074
4	78.765625
1	206.62818336162988
167	26.59880239520958
32	43.262867647058826
113	47.91150442477876
71	40.63661971830986
51	42.026143790849666
137	31.136253041362533
184	37.65760869565217
6	61.133458646616546
109	35.95412844036697
57	39.44444444444445
10	51.060465116279055
34	50.59068627450981
61	63.4344262295082
98	49.61479591836735
58	37.17241379310345
94	69.2872340425532
166	24.40963855421687
7	60.851496329757225
16	43.54965753424658
59	44.465160075329564
75	46.77333333333333
234	17.173076923076923
72	47.23611111111111
83	41.1566265060241
654	39.484709480122326
2	135.90697674418604
86	25.007751937984494
79	46.2379746835443
459	32.09368191721133
62	28.19892473118279
21	38.64980158730158
65	44.18205128205128
383	33.38642297650131
42	49.86309523809524
13	50.89084249084247
108	19.824074074074073
77	47.53679653679654
88	44.42613636363636
50	44.435
12	54.00442477876106
158	24.158227848101266
17	44.88140417457304
68	53.11764705882353
198	11.61111111111111
85	52.45490196078432
106	59.89150943396227
307	44.495114006514655
231	39.11471861471861
89	45.70786516853933
74	55.45945945945946
45	41.68703703703704
564	5.49290780141844
80	55.396875
48	37.21474358974359
119	57.73109243697479
49	39.10714285714286
105	39.850793650793655
76	43.17669172932331
11	52.04306220095697
55	45.355555555555554
39	40.02747252747253
123	49.680216802168026
95	15.56842105263158
149	38.604026845637584
170	36.87647058823529
169	45.87573964497041
128	50.651041666666664
140	26.97142857142857
139	34.776978417266186
143	56.63636363636363
194	55.42783505154639
419	26.632458233890215
8	57.4781746031746
29	33.99666295884315
502	34.70318725099602
269	32.86245353159851
78	34.05384615384615
163	61.17791411042945
187	43.780748663101605
619	19.676898222940228
101	31.128712871287128
99	48.45050505050506
70	36.81142857142857
73	50.68493150684932
179	41.36312849162011
160	39.54375
56	40.854910714285715
174	44.64367816091954
92	41.663043478260875
104	46.07211538461539
127	19.811023622047244
