0.00002	966
0.00003	1085
0.00004	560
0.00005	364
0.00006	277
0.00007	226
0.00008	204
0.00009	175
0.00010	119
0.00011	116
0.00012	102
0.00013	78
0.00014	77
0.00015	92
0.00016	71
0.00017	57
0.00018	55
0.00019	52
0.00020	43
0.00021	37
0.00022	36
0.00023	30
0.00024	38
0.00025	36
0.00026	34
0.00027	23
0.00028	22
0.00029	20
0.00030	17
0.00031	26
0.00032	20
0.00033	18
0.00034	18
0.00035	22
0.00036	21
0.00037	12
0.00038	14
0.00039	12
0.00040	19
0.00041	12
0.00042	12
0.00043	6
0.00044	12
0.00045	12
0.00046	14
0.00047	7
0.00048	9
0.00049	10
0.00050	6
0.00051	11
0.00052	17
0.00053	8
0.00054	9
0.00055	8
0.00056	21
0.00057	5
0.00058	2
0.00059	8
0.00060	7
0.00061	5
0.00062	8
0.00063	3
0.00064	4
0.00065	9
0.00066	4
0.00067	5
0.00068	8
0.00069	8
0.00070	8
0.00071	5
0.00072	3
0.00073	4
0.00074	3
0.00075	2
0.00076	8
0.00077	3
0.00078	3
0.00079	4
0.00080	5
0.00081	2
0.00082	2
0.00083	5
0.00084	6
0.00086	4
0.00087	3
0.00088	3
0.00089	4
0.00090	2
0.00093	5
0.00094	3
0.00095	2
0.00096	3
0.00097	4
0.00098	5
0.00099	2
0.00100	2
0.00102	2
0.00103	2
0.00104	2
0.00106	3
0.00107	1
0.00108	2
0.00109	1
0.00110	1
0.00111	2
0.00112	3
0.00113	4
0.00114	2
0.00116	1
0.00118	2
0.00119	4
0.00120	3
0.00121	1
0.00122	1
0.00125	3
0.00126	3
0.00127	2
0.00129	1
0.00131	1
0.00132	1
0.00134	3
0.00136	1
0.00138	2
0.00139	1
0.00141	1
0.00143	1
0.00144	1
0.00145	2
0.00146	2
0.00147	2
0.00150	2
0.00151	4
0.00153	1
0.00154	3
0.00155	1
0.00156	2
0.00158	3
0.00159	1
0.00161	1
0.00163	1
0.00165	1
0.00166	2
0.00167	4
0.00168	1
0.00172	2
0.00173	1
0.00174	1
0.00176	3
0.00177	1
0.00178	3
0.00179	1
0.00180	1
0.00181	1
0.00182	1
0.00183	1
0.00184	1
0.00185	1
0.00186	2
0.00188	1
0.00193	1
0.00194	1
0.00195	2
0.00196	1
0.00202	1
0.00203	1
0.00210	1
0.00211	2
0.00213	2
0.00219	1
0.00220	1
0.00221	1
0.00225	1
0.00226	1
0.00227	1
0.00229	1
0.00234	1
0.00238	1
0.00239	1
0.00244	1
0.00263	2
0.00264	1
0.00267	1
0.00269	1
0.00270	1
0.00289	1
0.00297	1
0.00314	1
0.00316	1
0.00320	1
0.00321	1
0.00326	1
0.00335	1
0.00336	1
0.00341	1
0.00342	1
0.00344	2
0.00346	1
0.00360	1
0.00363	1
0.00364	1
0.00378	1
0.00379	1
0.00382	1
0.00414	1
0.00434	1
0.00499	1
0.00504	1
0.00587	1
0.00756	1
0.01103	1
